# name: debug
# type: sparse matrix
# nnz: 7571
# rows: 571
# columns: 571

1 1 87200
2 1 0
3 1 0
12 1 -400
13 1 0
14 1 -400
15 1 0
16 1 -400
17 1 0
18 1 -400
19 1 0
20 1 -800
21 1 0
22 1 -400
23 1 0
24 1 -400
25 1 0
26 1 -400
27 1 0
30 1 -400
31 1 0
32 1 -400
33 1 0
34 1 -400
35 1 0
36 1 -400
37 1 0
40 1 -400
41 1 0
44 1 -400
45 1 0
46 1 -400
47 1 0
48 1 -400
49 1 0
50 1 -400
51 1 0
52 1 -400
53 1 0
56 1 -400
57 1 0
58 1 -400
59 1 0
60 1 -400
61 1 0
62 1 -400
63 1 0
64 1 -400
65 1 0
66 1 -800
67 1 0
68 1 -400
69 1 0
70 1 -400
71 1 0
72 1 -400
73 1 0
78 1 -800
79 1 0
80 1 -400
81 1 0
82 1 -400
83 1 0
84 1 -800
85 1 0
86 1 -400
87 1 0
88 1 -400
89 1 0
92 1 -400
93 1 0
94 1 -400
95 1 0
96 1 -400
97 1 0
98 1 -400
99 1 0
100 1 -800
101 1 0
106 1 -400
107 1 0
108 1 -400
109 1 0
110 1 -400
111 1 0
112 1 -400
113 1 0
114 1 -400
115 1 0
116 1 -400
117 1 0
118 1 -400
119 1 0
120 1 -400
121 1 0
122 1 -400
123 1 0
126 1 -400
127 1 0
134 1 -400
135 1 0
136 1 -400
137 1 0
138 1 -400
139 1 0
140 1 -400
141 1 0
142 1 -400
143 1 0
144 1 -400
145 1 0
148 1 -400
149 1 0
150 1 -400
151 1 0
152 1 -400
153 1 0
154 1 -400
155 1 0
156 1 -400
157 1 0
158 1 -400
159 1 0
160 1 -400
161 1 0
162 1 -400
163 1 0
166 1 -400
167 1 0
168 1 -400
169 1 0
174 1 -400
175 1 0
176 1 -400
177 1 0
178 1 -400
179 1 0
180 1 -400
181 1 0
182 1 -400
183 1 0
184 1 -400
185 1 0
186 1 -400
187 1 0
188 1 -800
189 1 0
190 1 -400
191 1 0
192 1 -400
193 1 0
194 1 -400
195 1 0
196 1 -400
197 1 0
198 1 -400
199 1 0
200 1 -800
201 1 0
202 1 -800
203 1 0
204 1 -400
205 1 0
206 1 -400
207 1 0
208 1 -400
209 1 0
210 1 -400
211 1 0
212 1 -400
213 1 0
218 1 -400
219 1 0
222 1 -400
223 1 0
228 1 -400
229 1 0
230 1 -400
231 1 0
232 1 -400
233 1 0
238 1 -400
239 1 0
240 1 -400
241 1 0
242 1 -400
243 1 0
244 1 -400
245 1 0
246 1 -400
247 1 0
248 1 -400
249 1 0
250 1 -400
251 1 0
252 1 -400
253 1 0
254 1 -400
255 1 0
256 1 -400
257 1 0
258 1 -400
259 1 0
260 1 -400
261 1 0
262 1 -400
263 1 0
264 1 -400
265 1 0
266 1 -400
267 1 0
268 1 -400
269 1 0
270 1 -400
271 1 0
272 1 -400
273 1 0
274 1 -400
275 1 0
276 1 -400
277 1 0
278 1 -400
279 1 0
284 1 -400
285 1 0
286 1 -400
287 1 0
288 1 -400
289 1 0
290 1 -400
291 1 0
292 1 -400
293 1 0
298 1 -400
299 1 0
300 1 -400
301 1 0
302 1 -400
303 1 0
304 1 -400
305 1 0
306 1 -400
307 1 0
308 1 -400
309 1 0
310 1 -400
311 1 0
312 1 -400
313 1 0
314 1 -400
315 1 0
322 1 -400
323 1 0
324 1 -400
325 1 0
326 1 -400
327 1 0
328 1 -400
329 1 0
330 1 -400
331 1 0
332 1 -400
333 1 0
334 1 -400
335 1 0
336 1 -400
337 1 0
338 1 -400
339 1 0
340 1 -400
341 1 0
342 1 -400
343 1 0
344 1 -400
345 1 0
346 1 -400
347 1 0
348 1 -400
349 1 0
350 1 -400
351 1 0
352 1 -400
353 1 0
354 1 -400
355 1 0
356 1 -400
357 1 0
358 1 -400
359 1 0
360 1 -400
361 1 0
362 1 -400
363 1 0
364 1 -400
365 1 0
366 1 -400
367 1 0
368 1 -400
369 1 0
370 1 -400
371 1 0
372 1 -400
373 1 0
374 1 -400
375 1 0
376 1 -400
377 1 0
378 1 -400
379 1 0
380 1 -400
381 1 0
382 1 -400
383 1 0
384 1 -400
385 1 0
386 1 -400
387 1 0
388 1 -400
389 1 0
390 1 -400
391 1 0
392 1 -400
393 1 0
394 1 -400
395 1 0
396 1 -400
397 1 0
398 1 -400
399 1 0
400 1 -400
401 1 0
402 1 -400
403 1 0
404 1 -400
405 1 0
406 1 -400
407 1 0
408 1 -400
409 1 0
410 1 -400
411 1 0
412 1 -400
413 1 0
414 1 -400
415 1 0
416 1 -400
417 1 0
418 1 -400
419 1 0
420 1 -400
421 1 0
422 1 -400
423 1 0
424 1 -400
425 1 0
426 1 -400
427 1 0
428 1 -400
429 1 0
430 1 -400
431 1 0
432 1 -400
433 1 0
434 1 -400
435 1 0
436 1 -400
437 1 0
438 1 -400
439 1 0
440 1 -400
441 1 0
442 1 -400
443 1 0
444 1 -400
445 1 0
446 1 -400
447 1 0
448 1 -400
449 1 0
450 1 -400
451 1 0
452 1 -400
453 1 0
454 1 -400
455 1 0
456 1 -400
457 1 0
458 1 -400
459 1 0
460 1 -400
461 1 0
462 1 -400
463 1 0
464 1 -400
465 1 0
466 1 -400
467 1 0
468 1 -400
469 1 0
470 1 -400
471 1 0
472 1 -400
473 1 0
474 1 -400
475 1 0
476 1 -400
477 1 0
478 1 -400
479 1 0
480 1 -400
481 1 0
482 1 -400
483 1 0
484 1 -400
485 1 0
486 1 -400
487 1 0
488 1 -400
489 1 0
490 1 -400
491 1 0
492 1 -400
493 1 0
1 2 0
2 2 87200
3 2 0
12 2 0
13 2 -400
14 2 0
15 2 -400
16 2 0
17 2 -400
18 2 0
19 2 -400
20 2 0
21 2 -800
22 2 0
23 2 -400
24 2 0
25 2 -400
26 2 0
27 2 -400
30 2 0
31 2 -400
32 2 0
33 2 -400
34 2 0
35 2 -400
36 2 0
37 2 -400
40 2 0
41 2 -400
44 2 0
45 2 -400
46 2 0
47 2 -400
48 2 0
49 2 -400
50 2 0
51 2 -400
52 2 0
53 2 -400
56 2 0
57 2 -400
58 2 0
59 2 -400
60 2 0
61 2 -400
62 2 0
63 2 -400
64 2 0
65 2 -400
66 2 0
67 2 -800
68 2 0
69 2 -400
70 2 0
71 2 -400
72 2 0
73 2 -400
78 2 0
79 2 -800
80 2 0
81 2 -400
82 2 0
83 2 -400
84 2 0
85 2 -800
86 2 0
87 2 -400
88 2 0
89 2 -400
92 2 0
93 2 -400
94 2 0
95 2 -400
96 2 0
97 2 -400
98 2 0
99 2 -400
100 2 0
101 2 -800
106 2 0
107 2 -400
108 2 0
109 2 -400
110 2 0
111 2 -400
112 2 0
113 2 -400
114 2 0
115 2 -400
116 2 0
117 2 -400
118 2 0
119 2 -400
120 2 0
121 2 -400
122 2 0
123 2 -400
126 2 0
127 2 -400
134 2 0
135 2 -400
136 2 0
137 2 -400
138 2 0
139 2 -400
140 2 0
141 2 -400
142 2 0
143 2 -400
144 2 0
145 2 -400
148 2 0
149 2 -400
150 2 0
151 2 -400
152 2 0
153 2 -400
154 2 0
155 2 -400
156 2 0
157 2 -400
158 2 0
159 2 -400
160 2 0
161 2 -400
162 2 0
163 2 -400
166 2 0
167 2 -400
168 2 0
169 2 -400
174 2 0
175 2 -400
176 2 0
177 2 -400
178 2 0
179 2 -400
180 2 0
181 2 -400
182 2 0
183 2 -400
184 2 0
185 2 -400
186 2 0
187 2 -400
188 2 0
189 2 -800
190 2 0
191 2 -400
192 2 0
193 2 -400
194 2 0
195 2 -400
196 2 0
197 2 -400
198 2 0
199 2 -400
200 2 0
201 2 -800
202 2 0
203 2 -800
204 2 0
205 2 -400
206 2 0
207 2 -400
208 2 0
209 2 -400
210 2 0
211 2 -400
212 2 0
213 2 -400
218 2 0
219 2 -400
222 2 0
223 2 -400
228 2 0
229 2 -400
230 2 0
231 2 -400
232 2 0
233 2 -400
238 2 0
239 2 -400
240 2 0
241 2 -400
242 2 0
243 2 -400
244 2 0
245 2 -400
246 2 0
247 2 -400
248 2 0
249 2 -400
250 2 0
251 2 -400
252 2 0
253 2 -400
254 2 0
255 2 -400
256 2 0
257 2 -400
258 2 0
259 2 -400
260 2 0
261 2 -400
262 2 0
263 2 -400
264 2 0
265 2 -400
266 2 0
267 2 -400
268 2 0
269 2 -400
270 2 0
271 2 -400
272 2 0
273 2 -400
274 2 0
275 2 -400
276 2 0
277 2 -400
278 2 0
279 2 -400
284 2 0
285 2 -400
286 2 0
287 2 -400
288 2 0
289 2 -400
290 2 0
291 2 -400
292 2 0
293 2 -400
298 2 0
299 2 -400
300 2 0
301 2 -400
302 2 0
303 2 -400
304 2 0
305 2 -400
306 2 0
307 2 -400
308 2 0
309 2 -400
310 2 0
311 2 -400
312 2 0
313 2 -400
314 2 0
315 2 -400
322 2 0
323 2 -400
324 2 0
325 2 -400
326 2 0
327 2 -400
328 2 0
329 2 -400
330 2 0
331 2 -400
332 2 0
333 2 -400
334 2 0
335 2 -400
336 2 0
337 2 -400
338 2 0
339 2 -400
340 2 0
341 2 -400
342 2 0
343 2 -400
344 2 0
345 2 -400
346 2 0
347 2 -400
348 2 0
349 2 -400
350 2 0
351 2 -400
352 2 0
353 2 -400
354 2 0
355 2 -400
356 2 0
357 2 -400
358 2 0
359 2 -400
360 2 0
361 2 -400
362 2 0
363 2 -400
364 2 0
365 2 -400
366 2 0
367 2 -400
368 2 0
369 2 -400
370 2 0
371 2 -400
372 2 0
373 2 -400
374 2 0
375 2 -400
376 2 0
377 2 -400
378 2 0
379 2 -400
380 2 0
381 2 -400
382 2 0
383 2 -400
384 2 0
385 2 -400
386 2 0
387 2 -400
388 2 0
389 2 -400
390 2 0
391 2 -400
392 2 0
393 2 -400
394 2 0
395 2 -400
396 2 0
397 2 -400
398 2 0
399 2 -400
400 2 0
401 2 -400
402 2 0
403 2 -400
404 2 0
405 2 -400
406 2 0
407 2 -400
408 2 0
409 2 -400
410 2 0
411 2 -400
412 2 0
413 2 -400
414 2 0
415 2 -400
416 2 0
417 2 -400
418 2 0
419 2 -400
420 2 0
421 2 -400
422 2 0
423 2 -400
424 2 0
425 2 -400
426 2 0
427 2 -400
428 2 0
429 2 -400
430 2 0
431 2 -400
432 2 0
433 2 -400
434 2 0
435 2 -400
436 2 0
437 2 -400
438 2 0
439 2 -400
440 2 0
441 2 -400
442 2 0
443 2 -400
444 2 0
445 2 -400
446 2 0
447 2 -400
448 2 0
449 2 -400
450 2 0
451 2 -400
452 2 0
453 2 -400
454 2 0
455 2 -400
456 2 0
457 2 -400
458 2 0
459 2 -400
460 2 0
461 2 -400
462 2 0
463 2 -400
464 2 0
465 2 -400
466 2 0
467 2 -400
468 2 0
469 2 -400
470 2 0
471 2 -400
472 2 0
473 2 -400
474 2 0
475 2 -400
476 2 0
477 2 -400
478 2 0
479 2 -400
480 2 0
481 2 -400
482 2 0
483 2 -400
484 2 0
485 2 -400
486 2 0
487 2 -400
488 2 0
489 2 -400
490 2 0
491 2 -400
492 2 0
493 2 -400
1 3 0
2 3 0
3 3 0
12 3 0
13 3 0
14 3 0
15 3 0
16 3 0
17 3 0
18 3 0
19 3 0
20 3 0
21 3 0
22 3 0
23 3 0
24 3 0
25 3 0
26 3 0
27 3 0
30 3 0
31 3 0
32 3 0
33 3 0
34 3 0
35 3 0
36 3 0
37 3 0
40 3 0
41 3 0
44 3 0
45 3 0
46 3 0
47 3 0
48 3 0
49 3 0
50 3 0
51 3 0
52 3 0
53 3 0
56 3 0
57 3 0
58 3 0
59 3 0
60 3 0
61 3 0
62 3 0
63 3 0
64 3 0
65 3 0
66 3 0
67 3 0
68 3 0
69 3 0
70 3 0
71 3 0
72 3 0
73 3 0
78 3 0
79 3 0
80 3 0
81 3 0
82 3 0
83 3 0
84 3 0
85 3 0
86 3 0
87 3 0
88 3 0
89 3 0
92 3 0
93 3 0
94 3 0
95 3 0
96 3 0
97 3 0
98 3 0
99 3 0
100 3 0
101 3 0
106 3 0
107 3 0
108 3 0
109 3 0
110 3 0
111 3 0
112 3 0
113 3 0
114 3 0
115 3 0
116 3 0
117 3 0
118 3 0
119 3 0
120 3 0
121 3 0
122 3 0
123 3 0
126 3 0
127 3 0
134 3 0
135 3 0
136 3 0
137 3 0
138 3 0
139 3 0
140 3 0
141 3 0
142 3 0
143 3 0
144 3 0
145 3 0
148 3 0
149 3 0
150 3 0
151 3 0
152 3 0
153 3 0
154 3 0
155 3 0
156 3 0
157 3 0
158 3 0
159 3 0
160 3 0
161 3 0
162 3 0
163 3 0
166 3 0
167 3 0
168 3 0
169 3 0
174 3 0
175 3 0
176 3 0
177 3 0
178 3 0
179 3 0
180 3 0
181 3 0
182 3 0
183 3 0
184 3 0
185 3 0
186 3 0
187 3 0
188 3 0
189 3 0
190 3 0
191 3 0
192 3 0
193 3 0
194 3 0
195 3 0
196 3 0
197 3 0
198 3 0
199 3 0
200 3 0
201 3 0
202 3 0
203 3 0
204 3 0
205 3 0
206 3 0
207 3 0
208 3 0
209 3 0
210 3 0
211 3 0
212 3 0
213 3 0
218 3 0
219 3 0
222 3 0
223 3 0
228 3 0
229 3 0
230 3 0
231 3 0
232 3 0
233 3 0
238 3 0
239 3 0
240 3 0
241 3 0
242 3 0
243 3 0
244 3 0
245 3 0
246 3 0
247 3 0
248 3 0
249 3 0
250 3 0
251 3 0
252 3 0
253 3 0
254 3 0
255 3 0
256 3 0
257 3 0
258 3 0
259 3 0
260 3 0
261 3 0
262 3 0
263 3 0
264 3 0
265 3 0
266 3 0
267 3 0
268 3 0
269 3 0
270 3 0
271 3 0
272 3 0
273 3 0
274 3 0
275 3 0
276 3 0
277 3 0
278 3 0
279 3 0
284 3 0
285 3 0
286 3 0
287 3 0
288 3 0
289 3 0
290 3 0
291 3 0
292 3 0
293 3 0
298 3 0
299 3 0
300 3 0
301 3 0
302 3 0
303 3 0
304 3 0
305 3 0
306 3 0
307 3 0
308 3 0
309 3 0
310 3 0
311 3 0
312 3 0
313 3 0
314 3 0
315 3 0
322 3 0
323 3 0
324 3 0
325 3 0
326 3 0
327 3 0
328 3 0
329 3 0
330 3 0
331 3 0
332 3 0
333 3 0
334 3 0
335 3 0
336 3 0
337 3 0
338 3 0
339 3 0
340 3 0
341 3 0
342 3 0
343 3 0
344 3 0
345 3 0
346 3 0
347 3 0
348 3 0
349 3 0
350 3 0
351 3 0
352 3 0
353 3 0
354 3 0
355 3 0
356 3 0
357 3 0
358 3 0
359 3 0
360 3 0
361 3 0
362 3 0
363 3 0
364 3 0
365 3 0
366 3 0
367 3 0
368 3 0
369 3 0
370 3 0
371 3 0
372 3 0
373 3 0
374 3 0
375 3 0
376 3 0
377 3 0
378 3 0
379 3 0
380 3 0
381 3 0
382 3 0
383 3 0
384 3 0
385 3 0
386 3 0
387 3 0
388 3 0
389 3 0
390 3 0
391 3 0
392 3 0
393 3 0
394 3 0
395 3 0
396 3 0
397 3 0
398 3 0
399 3 0
400 3 0
401 3 0
402 3 0
403 3 0
404 3 0
405 3 0
406 3 0
407 3 0
408 3 0
409 3 0
410 3 0
411 3 0
412 3 0
413 3 0
414 3 0
415 3 0
416 3 0
417 3 0
418 3 0
419 3 0
420 3 0
421 3 0
422 3 0
423 3 0
424 3 0
425 3 0
426 3 0
427 3 0
428 3 0
429 3 0
430 3 0
431 3 0
432 3 0
433 3 0
434 3 0
435 3 0
436 3 0
437 3 0
438 3 0
439 3 0
440 3 0
441 3 0
442 3 0
443 3 0
444 3 0
445 3 0
446 3 0
447 3 0
448 3 0
449 3 0
450 3 0
451 3 0
452 3 0
453 3 0
454 3 0
455 3 0
456 3 0
457 3 0
458 3 0
459 3 0
460 3 0
461 3 0
462 3 0
463 3 0
464 3 0
465 3 0
466 3 0
467 3 0
468 3 0
469 3 0
470 3 0
471 3 0
472 3 0
473 3 0
474 3 0
475 3 0
476 3 0
477 3 0
478 3 0
479 3 0
480 3 0
481 3 0
482 3 0
483 3 0
484 3 0
485 3 0
486 3 0
487 3 0
488 3 0
489 3 0
490 3 0
491 3 0
492 3 0
493 3 0
4 4 54400
5 4 0
6 4 0
34 4 -400
35 4 0
36 4 -400
37 4 0
38 4 -400
39 4 0
40 4 -400
41 4 0
42 4 -400
43 4 0
48 4 -400
49 4 0
56 4 -400
57 4 0
58 4 -400
59 4 0
62 4 -400
63 4 0
64 4 -400
65 4 0
66 4 -400
67 4 0
70 4 -400
71 4 0
72 4 -400
73 4 0
74 4 -400
75 4 0
76 4 -400
77 4 0
84 4 -800
85 4 0
86 4 -400
87 4 0
92 4 -400
93 4 0
94 4 -400
95 4 0
112 4 -400
113 4 0
128 4 -400
129 4 0
130 4 -400
131 4 0
132 4 -400
133 4 0
134 4 -400
135 4 0
142 4 -400
143 4 0
144 4 -400
145 4 0
146 4 -400
147 4 0
148 4 -400
149 4 0
150 4 -400
151 4 0
152 4 -800
153 4 0
154 4 -400
155 4 0
160 4 -400
161 4 0
162 4 -400
163 4 0
164 4 -400
165 4 0
166 4 -400
167 4 0
168 4 -400
169 4 0
174 4 -400
175 4 0
178 4 -400
179 4 0
188 4 -400
189 4 0
190 4 -400
191 4 0
192 4 -400
193 4 0
194 4 -400
195 4 0
198 4 -400
199 4 0
210 4 -400
211 4 0
212 4 -400
213 4 0
214 4 -800
215 4 0
216 4 -800
217 4 0
226 4 -400
227 4 0
234 4 -400
235 4 0
236 4 -400
237 4 0
250 4 -400
251 4 0
252 4 -400
253 4 0
254 4 -400
255 4 0
256 4 -400
257 4 0
258 4 -400
259 4 0
260 4 -400
261 4 0
262 4 -400
263 4 0
264 4 -400
265 4 0
266 4 -400
267 4 0
268 4 -400
269 4 0
270 4 -400
271 4 0
280 4 -400
281 4 0
282 4 -400
283 4 0
284 4 -400
285 4 0
286 4 -400
287 4 0
290 4 -400
291 4 0
292 4 -400
293 4 0
300 4 -400
301 4 0
302 4 -400
303 4 0
312 4 -400
313 4 0
314 4 -400
315 4 0
320 4 -400
321 4 0
322 4 -400
323 4 0
326 4 -400
327 4 0
336 4 -400
337 4 0
360 4 -400
361 4 0
362 4 -400
363 4 0
370 4 -400
371 4 0
372 4 -400
373 4 0
374 4 -400
375 4 0
376 4 -400
377 4 0
380 4 -400
381 4 0
382 4 -400
383 4 0
384 4 -400
385 4 0
390 4 -400
391 4 0
392 4 -400
393 4 0
394 4 -400
395 4 0
398 4 -400
399 4 0
400 4 -400
401 4 0
410 4 -400
411 4 0
412 4 -400
413 4 0
424 4 -400
425 4 0
426 4 -400
427 4 0
434 4 -400
435 4 0
438 4 -400
439 4 0
440 4 -400
441 4 0
444 4 -400
445 4 0
446 4 -400
447 4 0
448 4 -400
449 4 0
450 4 -400
451 4 0
452 4 -400
453 4 0
454 4 -400
455 4 0
456 4 -400
457 4 0
462 4 -400
463 4 0
470 4 -400
471 4 0
476 4 -400
477 4 0
478 4 -400
479 4 0
486 4 -400
487 4 0
492 4 -400
493 4 0
494 4 -400
495 4 0
496 4 -400
497 4 0
498 4 -800
499 4 0
500 4 -400
501 4 0
502 4 -400
503 4 0
504 4 -400
505 4 0
506 4 -400
507 4 0
512 4 -800
513 4 0
514 4 -800
515 4 0
518 4 -800
519 4 0
520 4 -400
521 4 0
522 4 -400
523 4 0
524 4 -400
525 4 0
532 4 -400
533 4 0
540 4 -400
541 4 0
542 4 -400
543 4 0
544 4 -400
545 4 0
546 4 -400
547 4 0
548 4 -400
549 4 0
4 5 0
5 5 54400
6 5 0
34 5 0
35 5 -400
36 5 0
37 5 -400
38 5 0
39 5 -400
40 5 0
41 5 -400
42 5 0
43 5 -400
48 5 0
49 5 -400
56 5 0
57 5 -400
58 5 0
59 5 -400
62 5 0
63 5 -400
64 5 0
65 5 -400
66 5 0
67 5 -400
70 5 0
71 5 -400
72 5 0
73 5 -400
74 5 0
75 5 -400
76 5 0
77 5 -400
84 5 0
85 5 -800
86 5 0
87 5 -400
92 5 0
93 5 -400
94 5 0
95 5 -400
112 5 0
113 5 -400
128 5 0
129 5 -400
130 5 0
131 5 -400
132 5 0
133 5 -400
134 5 0
135 5 -400
142 5 0
143 5 -400
144 5 0
145 5 -400
146 5 0
147 5 -400
148 5 0
149 5 -400
150 5 0
151 5 -400
152 5 0
153 5 -800
154 5 0
155 5 -400
160 5 0
161 5 -400
162 5 0
163 5 -400
164 5 0
165 5 -400
166 5 0
167 5 -400
168 5 0
169 5 -400
174 5 0
175 5 -400
178 5 0
179 5 -400
188 5 0
189 5 -400
190 5 0
191 5 -400
192 5 0
193 5 -400
194 5 0
195 5 -400
198 5 0
199 5 -400
210 5 0
211 5 -400
212 5 0
213 5 -400
214 5 0
215 5 -800
216 5 0
217 5 -800
226 5 0
227 5 -400
234 5 0
235 5 -400
236 5 0
237 5 -400
250 5 0
251 5 -400
252 5 0
253 5 -400
254 5 0
255 5 -400
256 5 0
257 5 -400
258 5 0
259 5 -400
260 5 0
261 5 -400
262 5 0
263 5 -400
264 5 0
265 5 -400
266 5 0
267 5 -400
268 5 0
269 5 -400
270 5 0
271 5 -400
280 5 0
281 5 -400
282 5 0
283 5 -400
284 5 0
285 5 -400
286 5 0
287 5 -400
290 5 0
291 5 -400
292 5 0
293 5 -400
300 5 0
301 5 -400
302 5 0
303 5 -400
312 5 0
313 5 -400
314 5 0
315 5 -400
320 5 0
321 5 -400
322 5 0
323 5 -400
326 5 0
327 5 -400
336 5 0
337 5 -400
360 5 0
361 5 -400
362 5 0
363 5 -400
370 5 0
371 5 -400
372 5 0
373 5 -400
374 5 0
375 5 -400
376 5 0
377 5 -400
380 5 0
381 5 -400
382 5 0
383 5 -400
384 5 0
385 5 -400
390 5 0
391 5 -400
392 5 0
393 5 -400
394 5 0
395 5 -400
398 5 0
399 5 -400
400 5 0
401 5 -400
410 5 0
411 5 -400
412 5 0
413 5 -400
424 5 0
425 5 -400
426 5 0
427 5 -400
434 5 0
435 5 -400
438 5 0
439 5 -400
440 5 0
441 5 -400
444 5 0
445 5 -400
446 5 0
447 5 -400
448 5 0
449 5 -400
450 5 0
451 5 -400
452 5 0
453 5 -400
454 5 0
455 5 -400
456 5 0
457 5 -400
462 5 0
463 5 -400
470 5 0
471 5 -400
476 5 0
477 5 -400
478 5 0
479 5 -400
486 5 0
487 5 -400
492 5 0
493 5 -400
494 5 0
495 5 -400
496 5 0
497 5 -400
498 5 0
499 5 -800
500 5 0
501 5 -400
502 5 0
503 5 -400
504 5 0
505 5 -400
506 5 0
507 5 -400
512 5 0
513 5 -800
514 5 0
515 5 -800
518 5 0
519 5 -800
520 5 0
521 5 -400
522 5 0
523 5 -400
524 5 0
525 5 -400
532 5 0
533 5 -400
540 5 0
541 5 -400
542 5 0
543 5 -400
544 5 0
545 5 -400
546 5 0
547 5 -400
548 5 0
549 5 -400
4 6 0
5 6 0
6 6 0
34 6 0
35 6 0
36 6 0
37 6 0
38 6 0
39 6 0
40 6 0
41 6 0
42 6 0
43 6 0
48 6 0
49 6 0
56 6 0
57 6 0
58 6 0
59 6 0
62 6 0
63 6 0
64 6 0
65 6 0
66 6 0
67 6 0
70 6 0
71 6 0
72 6 0
73 6 0
74 6 0
75 6 0
76 6 0
77 6 0
84 6 0
85 6 0
86 6 0
87 6 0
92 6 0
93 6 0
94 6 0
95 6 0
112 6 0
113 6 0
128 6 0
129 6 0
130 6 0
131 6 0
132 6 0
133 6 0
134 6 0
135 6 0
142 6 0
143 6 0
144 6 0
145 6 0
146 6 0
147 6 0
148 6 0
149 6 0
150 6 0
151 6 0
152 6 0
153 6 0
154 6 0
155 6 0
160 6 0
161 6 0
162 6 0
163 6 0
164 6 0
165 6 0
166 6 0
167 6 0
168 6 0
169 6 0
174 6 0
175 6 0
178 6 0
179 6 0
188 6 0
189 6 0
190 6 0
191 6 0
192 6 0
193 6 0
194 6 0
195 6 0
198 6 0
199 6 0
210 6 0
211 6 0
212 6 0
213 6 0
214 6 0
215 6 0
216 6 0
217 6 0
226 6 0
227 6 0
234 6 0
235 6 0
236 6 0
237 6 0
250 6 0
251 6 0
252 6 0
253 6 0
254 6 0
255 6 0
256 6 0
257 6 0
258 6 0
259 6 0
260 6 0
261 6 0
262 6 0
263 6 0
264 6 0
265 6 0
266 6 0
267 6 0
268 6 0
269 6 0
270 6 0
271 6 0
280 6 0
281 6 0
282 6 0
283 6 0
284 6 0
285 6 0
286 6 0
287 6 0
290 6 0
291 6 0
292 6 0
293 6 0
300 6 0
301 6 0
302 6 0
303 6 0
312 6 0
313 6 0
314 6 0
315 6 0
320 6 0
321 6 0
322 6 0
323 6 0
326 6 0
327 6 0
336 6 0
337 6 0
360 6 0
361 6 0
362 6 0
363 6 0
370 6 0
371 6 0
372 6 0
373 6 0
374 6 0
375 6 0
376 6 0
377 6 0
380 6 0
381 6 0
382 6 0
383 6 0
384 6 0
385 6 0
390 6 0
391 6 0
392 6 0
393 6 0
394 6 0
395 6 0
398 6 0
399 6 0
400 6 0
401 6 0
410 6 0
411 6 0
412 6 0
413 6 0
424 6 0
425 6 0
426 6 0
427 6 0
434 6 0
435 6 0
438 6 0
439 6 0
440 6 0
441 6 0
444 6 0
445 6 0
446 6 0
447 6 0
448 6 0
449 6 0
450 6 0
451 6 0
452 6 0
453 6 0
454 6 0
455 6 0
456 6 0
457 6 0
462 6 0
463 6 0
470 6 0
471 6 0
476 6 0
477 6 0
478 6 0
479 6 0
486 6 0
487 6 0
492 6 0
493 6 0
494 6 0
495 6 0
496 6 0
497 6 0
498 6 0
499 6 0
500 6 0
501 6 0
502 6 0
503 6 0
504 6 0
505 6 0
506 6 0
507 6 0
512 6 0
513 6 0
514 6 0
515 6 0
518 6 0
519 6 0
520 6 0
521 6 0
522 6 0
523 6 0
524 6 0
525 6 0
532 6 0
533 6 0
540 6 0
541 6 0
542 6 0
543 6 0
544 6 0
545 6 0
546 6 0
547 6 0
548 6 0
549 6 0
7 7 82400
8 7 0
9 7 0
14 7 -400
15 7 0
16 7 -400
17 7 0
18 7 -400
19 7 0
20 7 -800
21 7 0
24 7 -400
25 7 0
26 7 -400
27 7 0
28 7 -400
29 7 0
32 7 -400
33 7 0
40 7 -400
41 7 0
44 7 -400
45 7 0
48 7 -400
49 7 0
52 7 -400
53 7 0
54 7 -400
55 7 0
62 7 -400
63 7 0
64 7 -400
65 7 0
66 7 -1200
67 7 0
74 7 -400
75 7 0
76 7 -400
77 7 0
78 7 -400
79 7 0
82 7 -400
83 7 0
86 7 -400
87 7 0
88 7 -400
89 7 0
98 7 -400
99 7 0
100 7 -400
101 7 0
104 7 -400
105 7 0
108 7 -400
109 7 0
110 7 -400
111 7 0
112 7 -400
113 7 0
116 7 -400
117 7 0
126 7 -400
127 7 0
130 7 -400
131 7 0
134 7 -400
135 7 0
136 7 -400
137 7 0
146 7 -800
147 7 0
148 7 -800
149 7 0
150 7 -400
151 7 0
152 7 -800
153 7 0
154 7 -400
155 7 0
158 7 -400
159 7 0
160 7 -400
161 7 0
162 7 -400
163 7 0
166 7 -400
167 7 0
168 7 -400
169 7 0
170 7 -400
171 7 0
174 7 -400
175 7 0
180 7 -400
181 7 0
192 7 -400
193 7 0
194 7 -400
195 7 0
206 7 -400
207 7 0
208 7 -400
209 7 0
210 7 -400
211 7 0
212 7 -400
213 7 0
214 7 -400
215 7 0
222 7 -400
223 7 0
226 7 -400
227 7 0
228 7 -400
229 7 0
230 7 -400
231 7 0
232 7 -400
233 7 0
238 7 -400
239 7 0
240 7 -400
241 7 0
250 7 -400
251 7 0
256 7 -400
257 7 0
258 7 -400
259 7 0
260 7 -400
261 7 0
262 7 -400
263 7 0
264 7 -400
265 7 0
266 7 -400
267 7 0
268 7 -400
269 7 0
270 7 -400
271 7 0
272 7 -400
273 7 0
274 7 -400
275 7 0
278 7 -400
279 7 0
280 7 -400
281 7 0
282 7 -400
283 7 0
286 7 -400
287 7 0
290 7 -400
291 7 0
300 7 -400
301 7 0
302 7 -400
303 7 0
304 7 -400
305 7 0
306 7 -400
307 7 0
308 7 -400
309 7 0
310 7 -400
311 7 0
312 7 -400
313 7 0
314 7 -400
315 7 0
320 7 -400
321 7 0
322 7 -400
323 7 0
324 7 -400
325 7 0
328 7 -400
329 7 0
330 7 -400
331 7 0
332 7 -400
333 7 0
334 7 -400
335 7 0
336 7 -400
337 7 0
338 7 -400
339 7 0
340 7 -400
341 7 0
342 7 -400
343 7 0
344 7 -400
345 7 0
346 7 -400
347 7 0
348 7 -400
349 7 0
350 7 -400
351 7 0
354 7 -400
355 7 0
356 7 -400
357 7 0
358 7 -400
359 7 0
360 7 -400
361 7 0
362 7 -400
363 7 0
364 7 -400
365 7 0
366 7 -400
367 7 0
368 7 -400
369 7 0
370 7 -400
371 7 0
372 7 -400
373 7 0
374 7 -400
375 7 0
376 7 -400
377 7 0
378 7 -400
379 7 0
382 7 -400
383 7 0
384 7 -400
385 7 0
386 7 -400
387 7 0
390 7 -400
391 7 0
392 7 -400
393 7 0
394 7 -400
395 7 0
398 7 -400
399 7 0
400 7 -400
401 7 0
402 7 -400
403 7 0
404 7 -400
405 7 0
406 7 -400
407 7 0
408 7 -400
409 7 0
410 7 -400
411 7 0
412 7 -400
413 7 0
414 7 -400
415 7 0
416 7 -400
417 7 0
418 7 -400
419 7 0
420 7 -400
421 7 0
422 7 -400
423 7 0
424 7 -400
425 7 0
426 7 -400
427 7 0
428 7 -400
429 7 0
430 7 -400
431 7 0
432 7 -400
433 7 0
434 7 -400
435 7 0
436 7 -400
437 7 0
438 7 -400
439 7 0
440 7 -400
441 7 0
442 7 -400
443 7 0
444 7 -400
445 7 0
446 7 -400
447 7 0
448 7 -400
449 7 0
450 7 -400
451 7 0
452 7 -400
453 7 0
454 7 -400
455 7 0
456 7 -400
457 7 0
458 7 -400
459 7 0
460 7 -400
461 7 0
462 7 -400
463 7 0
464 7 -400
465 7 0
466 7 -400
467 7 0
468 7 -400
469 7 0
470 7 -400
471 7 0
472 7 -400
473 7 0
474 7 -400
475 7 0
476 7 -400
477 7 0
480 7 -800
481 7 0
482 7 -800
483 7 0
484 7 -400
485 7 0
486 7 -400
487 7 0
490 7 -400
491 7 0
492 7 -400
493 7 0
494 7 -400
495 7 0
496 7 -400
497 7 0
502 7 -400
503 7 0
504 7 -400
505 7 0
506 7 -400
507 7 0
508 7 -400
509 7 0
510 7 -400
511 7 0
516 7 -400
517 7 0
518 7 -800
519 7 0
520 7 -400
521 7 0
522 7 -400
523 7 0
524 7 -400
525 7 0
526 7 -400
527 7 0
528 7 -400
529 7 0
530 7 -400
531 7 0
534 7 -400
535 7 0
536 7 -400
537 7 0
538 7 -400
539 7 0
542 7 -400
543 7 0
544 7 -400
545 7 0
546 7 -400
547 7 0
548 7 -400
549 7 0
550 7 -400
551 7 0
552 7 -400
553 7 0
554 7 -400
555 7 0
556 7 -400
557 7 0
558 7 -400
559 7 0
560 7 -400
561 7 0
562 7 -400
563 7 0
564 7 -400
565 7 0
566 7 -400
567 7 0
568 7 -400
569 7 0
570 7 -400
571 7 0
7 8 0
8 8 82400
9 8 0
14 8 0
15 8 -400
16 8 0
17 8 -400
18 8 0
19 8 -400
20 8 0
21 8 -800
24 8 0
25 8 -400
26 8 0
27 8 -400
28 8 0
29 8 -400
32 8 0
33 8 -400
40 8 0
41 8 -400
44 8 0
45 8 -400
48 8 0
49 8 -400
52 8 0
53 8 -400
54 8 0
55 8 -400
62 8 0
63 8 -400
64 8 0
65 8 -400
66 8 0
67 8 -1200
74 8 0
75 8 -400
76 8 0
77 8 -400
78 8 0
79 8 -400
82 8 0
83 8 -400
86 8 0
87 8 -400
88 8 0
89 8 -400
98 8 0
99 8 -400
100 8 0
101 8 -400
104 8 0
105 8 -400
108 8 0
109 8 -400
110 8 0
111 8 -400
112 8 0
113 8 -400
116 8 0
117 8 -400
126 8 0
127 8 -400
130 8 0
131 8 -400
134 8 0
135 8 -400
136 8 0
137 8 -400
146 8 0
147 8 -800
148 8 0
149 8 -800
150 8 0
151 8 -400
152 8 0
153 8 -800
154 8 0
155 8 -400
158 8 0
159 8 -400
160 8 0
161 8 -400
162 8 0
163 8 -400
166 8 0
167 8 -400
168 8 0
169 8 -400
170 8 0
171 8 -400
174 8 0
175 8 -400
180 8 0
181 8 -400
192 8 0
193 8 -400
194 8 0
195 8 -400
206 8 0
207 8 -400
208 8 0
209 8 -400
210 8 0
211 8 -400
212 8 0
213 8 -400
214 8 0
215 8 -400
222 8 0
223 8 -400
226 8 0
227 8 -400
228 8 0
229 8 -400
230 8 0
231 8 -400
232 8 0
233 8 -400
238 8 0
239 8 -400
240 8 0
241 8 -400
250 8 0
251 8 -400
256 8 0
257 8 -400
258 8 0
259 8 -400
260 8 0
261 8 -400
262 8 0
263 8 -400
264 8 0
265 8 -400
266 8 0
267 8 -400
268 8 0
269 8 -400
270 8 0
271 8 -400
272 8 0
273 8 -400
274 8 0
275 8 -400
278 8 0
279 8 -400
280 8 0
281 8 -400
282 8 0
283 8 -400
286 8 0
287 8 -400
290 8 0
291 8 -400
300 8 0
301 8 -400
302 8 0
303 8 -400
304 8 0
305 8 -400
306 8 0
307 8 -400
308 8 0
309 8 -400
310 8 0
311 8 -400
312 8 0
313 8 -400
314 8 0
315 8 -400
320 8 0
321 8 -400
322 8 0
323 8 -400
324 8 0
325 8 -400
328 8 0
329 8 -400
330 8 0
331 8 -400
332 8 0
333 8 -400
334 8 0
335 8 -400
336 8 0
337 8 -400
338 8 0
339 8 -400
340 8 0
341 8 -400
342 8 0
343 8 -400
344 8 0
345 8 -400
346 8 0
347 8 -400
348 8 0
349 8 -400
350 8 0
351 8 -400
354 8 0
355 8 -400
356 8 0
357 8 -400
358 8 0
359 8 -400
360 8 0
361 8 -400
362 8 0
363 8 -400
364 8 0
365 8 -400
366 8 0
367 8 -400
368 8 0
369 8 -400
370 8 0
371 8 -400
372 8 0
373 8 -400
374 8 0
375 8 -400
376 8 0
377 8 -400
378 8 0
379 8 -400
382 8 0
383 8 -400
384 8 0
385 8 -400
386 8 0
387 8 -400
390 8 0
391 8 -400
392 8 0
393 8 -400
394 8 0
395 8 -400
398 8 0
399 8 -400
400 8 0
401 8 -400
402 8 0
403 8 -400
404 8 0
405 8 -400
406 8 0
407 8 -400
408 8 0
409 8 -400
410 8 0
411 8 -400
412 8 0
413 8 -400
414 8 0
415 8 -400
416 8 0
417 8 -400
418 8 0
419 8 -400
420 8 0
421 8 -400
422 8 0
423 8 -400
424 8 0
425 8 -400
426 8 0
427 8 -400
428 8 0
429 8 -400
430 8 0
431 8 -400
432 8 0
433 8 -400
434 8 0
435 8 -400
436 8 0
437 8 -400
438 8 0
439 8 -400
440 8 0
441 8 -400
442 8 0
443 8 -400
444 8 0
445 8 -400
446 8 0
447 8 -400
448 8 0
449 8 -400
450 8 0
451 8 -400
452 8 0
453 8 -400
454 8 0
455 8 -400
456 8 0
457 8 -400
458 8 0
459 8 -400
460 8 0
461 8 -400
462 8 0
463 8 -400
464 8 0
465 8 -400
466 8 0
467 8 -400
468 8 0
469 8 -400
470 8 0
471 8 -400
472 8 0
473 8 -400
474 8 0
475 8 -400
476 8 0
477 8 -400
480 8 0
481 8 -800
482 8 0
483 8 -800
484 8 0
485 8 -400
486 8 0
487 8 -400
490 8 0
491 8 -400
492 8 0
493 8 -400
494 8 0
495 8 -400
496 8 0
497 8 -400
502 8 0
503 8 -400
504 8 0
505 8 -400
506 8 0
507 8 -400
508 8 0
509 8 -400
510 8 0
511 8 -400
516 8 0
517 8 -400
518 8 0
519 8 -800
520 8 0
521 8 -400
522 8 0
523 8 -400
524 8 0
525 8 -400
526 8 0
527 8 -400
528 8 0
529 8 -400
530 8 0
531 8 -400
534 8 0
535 8 -400
536 8 0
537 8 -400
538 8 0
539 8 -400
542 8 0
543 8 -400
544 8 0
545 8 -400
546 8 0
547 8 -400
548 8 0
549 8 -400
550 8 0
551 8 -400
552 8 0
553 8 -400
554 8 0
555 8 -400
556 8 0
557 8 -400
558 8 0
559 8 -400
560 8 0
561 8 -400
562 8 0
563 8 -400
564 8 0
565 8 -400
566 8 0
567 8 -400
568 8 0
569 8 -400
570 8 0
571 8 -400
7 9 0
8 9 0
9 9 0
14 9 0
15 9 0
16 9 0
17 9 0
18 9 0
19 9 0
20 9 0
21 9 0
24 9 0
25 9 0
26 9 0
27 9 0
28 9 0
29 9 0
32 9 0
33 9 0
40 9 0
41 9 0
44 9 0
45 9 0
48 9 0
49 9 0
52 9 0
53 9 0
54 9 0
55 9 0
62 9 0
63 9 0
64 9 0
65 9 0
66 9 0
67 9 0
74 9 0
75 9 0
76 9 0
77 9 0
78 9 0
79 9 0
82 9 0
83 9 0
86 9 0
87 9 0
88 9 0
89 9 0
98 9 0
99 9 0
100 9 0
101 9 0
104 9 0
105 9 0
108 9 0
109 9 0
110 9 0
111 9 0
112 9 0
113 9 0
116 9 0
117 9 0
126 9 0
127 9 0
130 9 0
131 9 0
134 9 0
135 9 0
136 9 0
137 9 0
146 9 0
147 9 0
148 9 0
149 9 0
150 9 0
151 9 0
152 9 0
153 9 0
154 9 0
155 9 0
158 9 0
159 9 0
160 9 0
161 9 0
162 9 0
163 9 0
166 9 0
167 9 0
168 9 0
169 9 0
170 9 0
171 9 0
174 9 0
175 9 0
180 9 0
181 9 0
192 9 0
193 9 0
194 9 0
195 9 0
206 9 0
207 9 0
208 9 0
209 9 0
210 9 0
211 9 0
212 9 0
213 9 0
214 9 0
215 9 0
222 9 0
223 9 0
226 9 0
227 9 0
228 9 0
229 9 0
230 9 0
231 9 0
232 9 0
233 9 0
238 9 0
239 9 0
240 9 0
241 9 0
250 9 0
251 9 0
256 9 0
257 9 0
258 9 0
259 9 0
260 9 0
261 9 0
262 9 0
263 9 0
264 9 0
265 9 0
266 9 0
267 9 0
268 9 0
269 9 0
270 9 0
271 9 0
272 9 0
273 9 0
274 9 0
275 9 0
278 9 0
279 9 0
280 9 0
281 9 0
282 9 0
283 9 0
286 9 0
287 9 0
290 9 0
291 9 0
300 9 0
301 9 0
302 9 0
303 9 0
304 9 0
305 9 0
306 9 0
307 9 0
308 9 0
309 9 0
310 9 0
311 9 0
312 9 0
313 9 0
314 9 0
315 9 0
320 9 0
321 9 0
322 9 0
323 9 0
324 9 0
325 9 0
328 9 0
329 9 0
330 9 0
331 9 0
332 9 0
333 9 0
334 9 0
335 9 0
336 9 0
337 9 0
338 9 0
339 9 0
340 9 0
341 9 0
342 9 0
343 9 0
344 9 0
345 9 0
346 9 0
347 9 0
348 9 0
349 9 0
350 9 0
351 9 0
354 9 0
355 9 0
356 9 0
357 9 0
358 9 0
359 9 0
360 9 0
361 9 0
362 9 0
363 9 0
364 9 0
365 9 0
366 9 0
367 9 0
368 9 0
369 9 0
370 9 0
371 9 0
372 9 0
373 9 0
374 9 0
375 9 0
376 9 0
377 9 0
378 9 0
379 9 0
382 9 0
383 9 0
384 9 0
385 9 0
386 9 0
387 9 0
390 9 0
391 9 0
392 9 0
393 9 0
394 9 0
395 9 0
398 9 0
399 9 0
400 9 0
401 9 0
402 9 0
403 9 0
404 9 0
405 9 0
406 9 0
407 9 0
408 9 0
409 9 0
410 9 0
411 9 0
412 9 0
413 9 0
414 9 0
415 9 0
416 9 0
417 9 0
418 9 0
419 9 0
420 9 0
421 9 0
422 9 0
423 9 0
424 9 0
425 9 0
426 9 0
427 9 0
428 9 0
429 9 0
430 9 0
431 9 0
432 9 0
433 9 0
434 9 0
435 9 0
436 9 0
437 9 0
438 9 0
439 9 0
440 9 0
441 9 0
442 9 0
443 9 0
444 9 0
445 9 0
446 9 0
447 9 0
448 9 0
449 9 0
450 9 0
451 9 0
452 9 0
453 9 0
454 9 0
455 9 0
456 9 0
457 9 0
458 9 0
459 9 0
460 9 0
461 9 0
462 9 0
463 9 0
464 9 0
465 9 0
466 9 0
467 9 0
468 9 0
469 9 0
470 9 0
471 9 0
472 9 0
473 9 0
474 9 0
475 9 0
476 9 0
477 9 0
480 9 0
481 9 0
482 9 0
483 9 0
484 9 0
485 9 0
486 9 0
487 9 0
490 9 0
491 9 0
492 9 0
493 9 0
494 9 0
495 9 0
496 9 0
497 9 0
502 9 0
503 9 0
504 9 0
505 9 0
506 9 0
507 9 0
508 9 0
509 9 0
510 9 0
511 9 0
516 9 0
517 9 0
518 9 0
519 9 0
520 9 0
521 9 0
522 9 0
523 9 0
524 9 0
525 9 0
526 9 0
527 9 0
528 9 0
529 9 0
530 9 0
531 9 0
534 9 0
535 9 0
536 9 0
537 9 0
538 9 0
539 9 0
542 9 0
543 9 0
544 9 0
545 9 0
546 9 0
547 9 0
548 9 0
549 9 0
550 9 0
551 9 0
552 9 0
553 9 0
554 9 0
555 9 0
556 9 0
557 9 0
558 9 0
559 9 0
560 9 0
561 9 0
562 9 0
563 9 0
564 9 0
565 9 0
566 9 0
567 9 0
568 9 0
569 9 0
570 9 0
571 9 0
10 10 400
11 10 0
10 11 0
11 11 400
1 12 -400
2 12 0
3 12 0
12 12 800
13 12 0
1 13 0
2 13 -400
3 13 0
12 13 0
13 13 800
1 14 -400
2 14 0
3 14 0
7 14 -400
8 14 0
9 14 0
14 14 1200
15 14 0
1 15 0
2 15 -400
3 15 0
7 15 0
8 15 -400
9 15 0
14 15 0
15 15 1200
1 16 -400
2 16 0
3 16 0
7 16 -400
8 16 0
9 16 0
16 16 800
17 16 0
1 17 0
2 17 -400
3 17 0
7 17 0
8 17 -400
9 17 0
16 17 0
17 17 800
1 18 -400
2 18 0
3 18 0
7 18 -400
8 18 0
9 18 0
18 18 1200
19 18 0
1 19 0
2 19 -400
3 19 0
7 19 0
8 19 -400
9 19 0
18 19 0
19 19 1200
1 20 -800
2 20 0
3 20 0
7 20 -800
8 20 0
9 20 0
20 20 2000
21 20 0
1 21 0
2 21 -800
3 21 0
7 21 0
8 21 -800
9 21 0
20 21 0
21 21 2000
1 22 -400
2 22 0
3 22 0
22 22 800
23 22 0
1 23 0
2 23 -400
3 23 0
22 23 0
23 23 800
1 24 -400
2 24 0
3 24 0
7 24 -400
8 24 0
9 24 0
24 24 1200
25 24 0
1 25 0
2 25 -400
3 25 0
7 25 0
8 25 -400
9 25 0
24 25 0
25 25 1200
1 26 -400
2 26 0
3 26 0
7 26 -400
8 26 0
9 26 0
26 26 1200
27 26 0
1 27 0
2 27 -400
3 27 0
7 27 0
8 27 -400
9 27 0
26 27 0
27 27 1200
7 28 -400
8 28 0
9 28 0
28 28 400
29 28 0
7 29 0
8 29 -400
9 29 0
28 29 0
29 29 400
1 30 -400
2 30 0
3 30 0
30 30 800
31 30 0
1 31 0
2 31 -400
3 31 0
30 31 0
31 31 800
1 32 -400
2 32 0
3 32 0
7 32 -400
8 32 0
9 32 0
32 32 1200
33 32 0
1 33 0
2 33 -400
3 33 0
7 33 0
8 33 -400
9 33 0
32 33 0
33 33 1200
1 34 -400
2 34 0
3 34 0
4 34 -400
5 34 0
6 34 0
34 34 1200
35 34 0
1 35 0
2 35 -400
3 35 0
4 35 0
5 35 -400
6 35 0
34 35 0
35 35 1200
1 36 -400
2 36 0
3 36 0
4 36 -400
5 36 0
6 36 0
36 36 1200
37 36 0
1 37 0
2 37 -400
3 37 0
4 37 0
5 37 -400
6 37 0
36 37 0
37 37 1200
4 38 -400
5 38 0
6 38 0
38 38 800
39 38 0
4 39 0
5 39 -400
6 39 0
38 39 0
39 39 800
1 40 -400
2 40 0
3 40 0
4 40 -400
5 40 0
6 40 0
7 40 -400
8 40 0
9 40 0
40 40 1600
41 40 0
1 41 0
2 41 -400
3 41 0
4 41 0
5 41 -400
6 41 0
7 41 0
8 41 -400
9 41 0
40 41 0
41 41 1600
4 42 -400
5 42 0
6 42 0
42 42 800
43 42 0
4 43 0
5 43 -400
6 43 0
42 43 0
43 43 800
1 44 -400
2 44 0
3 44 0
7 44 -400
8 44 0
9 44 0
44 44 1200
45 44 0
1 45 0
2 45 -400
3 45 0
7 45 0
8 45 -400
9 45 0
44 45 0
45 45 1200
1 46 -400
2 46 0
3 46 0
46 46 800
47 46 0
1 47 0
2 47 -400
3 47 0
46 47 0
47 47 800
1 48 -400
2 48 0
3 48 0
4 48 -400
5 48 0
6 48 0
7 48 -400
8 48 0
9 48 0
48 48 1600
49 48 0
1 49 0
2 49 -400
3 49 0
4 49 0
5 49 -400
6 49 0
7 49 0
8 49 -400
9 49 0
48 49 0
49 49 1600
1 50 -400
2 50 0
3 50 0
50 50 1200
51 50 0
1 51 0
2 51 -400
3 51 0
50 51 0
51 51 1200
1 52 -400
2 52 0
3 52 0
7 52 -400
8 52 0
9 52 0
52 52 1200
53 52 0
1 53 0
2 53 -400
3 53 0
7 53 0
8 53 -400
9 53 0
52 53 0
53 53 1200
7 54 -400
8 54 0
9 54 0
54 54 800
55 54 0
7 55 0
8 55 -400
9 55 0
54 55 0
55 55 800
1 56 -400
2 56 0
3 56 0
4 56 -400
5 56 0
6 56 0
56 56 1200
57 56 0
1 57 0
2 57 -400
3 57 0
4 57 0
5 57 -400
6 57 0
56 57 0
57 57 1200
1 58 -400
2 58 0
3 58 0
4 58 -400
5 58 0
6 58 0
58 58 1200
59 58 0
1 59 0
2 59 -400
3 59 0
4 59 0
5 59 -400
6 59 0
58 59 0
59 59 1200
1 60 -400
2 60 0
3 60 0
60 60 400
61 60 0
1 61 0
2 61 -400
3 61 0
60 61 0
61 61 400
1 62 -400
2 62 0
3 62 0
4 62 -400
5 62 0
6 62 0
7 62 -400
8 62 0
9 62 0
62 62 1600
63 62 0
1 63 0
2 63 -400
3 63 0
4 63 0
5 63 -400
6 63 0
7 63 0
8 63 -400
9 63 0
62 63 0
63 63 1600
1 64 -400
2 64 0
3 64 0
4 64 -400
5 64 0
6 64 0
7 64 -400
8 64 0
9 64 0
64 64 1600
65 64 0
1 65 0
2 65 -400
3 65 0
4 65 0
5 65 -400
6 65 0
7 65 0
8 65 -400
9 65 0
64 65 0
65 65 1600
1 66 -800
2 66 0
3 66 0
4 66 -400
5 66 0
6 66 0
7 66 -1200
8 66 0
9 66 0
66 66 3200
67 66 0
1 67 0
2 67 -800
3 67 0
4 67 0
5 67 -400
6 67 0
7 67 0
8 67 -1200
9 67 0
66 67 0
67 67 3200
1 68 -400
2 68 0
3 68 0
68 68 800
69 68 0
1 69 0
2 69 -400
3 69 0
68 69 0
69 69 800
1 70 -400
2 70 0
3 70 0
4 70 -400
5 70 0
6 70 0
70 70 1200
71 70 0
1 71 0
2 71 -400
3 71 0
4 71 0
5 71 -400
6 71 0
70 71 0
71 71 1200
1 72 -400
2 72 0
3 72 0
4 72 -400
5 72 0
6 72 0
72 72 1200
73 72 0
1 73 0
2 73 -400
3 73 0
4 73 0
5 73 -400
6 73 0
72 73 0
73 73 1200
4 74 -400
5 74 0
6 74 0
7 74 -400
8 74 0
9 74 0
74 74 1200
75 74 0
4 75 0
5 75 -400
6 75 0
7 75 0
8 75 -400
9 75 0
74 75 0
75 75 1200
4 76 -400
5 76 0
6 76 0
7 76 -400
8 76 0
9 76 0
76 76 1200
77 76 0
4 77 0
5 77 -400
6 77 0
7 77 0
8 77 -400
9 77 0
76 77 0
77 77 1200
1 78 -800
2 78 0
3 78 0
7 78 -400
8 78 0
9 78 0
78 78 1600
79 78 0
1 79 0
2 79 -800
3 79 0
7 79 0
8 79 -400
9 79 0
78 79 0
79 79 1600
1 80 -400
2 80 0
3 80 0
80 80 800
81 80 0
1 81 0
2 81 -400
3 81 0
80 81 0
81 81 800
1 82 -400
2 82 0
3 82 0
7 82 -400
8 82 0
9 82 0
82 82 1200
83 82 0
1 83 0
2 83 -400
3 83 0
7 83 0
8 83 -400
9 83 0
82 83 0
83 83 1200
1 84 -800
2 84 0
3 84 0
4 84 -800
5 84 0
6 84 0
84 84 2400
85 84 0
1 85 0
2 85 -800
3 85 0
4 85 0
5 85 -800
6 85 0
84 85 0
85 85 2400
1 86 -400
2 86 0
3 86 0
4 86 -400
5 86 0
6 86 0
7 86 -400
8 86 0
9 86 0
86 86 1600
87 86 0
1 87 0
2 87 -400
3 87 0
4 87 0
5 87 -400
6 87 0
7 87 0
8 87 -400
9 87 0
86 87 0
87 87 1600
1 88 -400
2 88 0
3 88 0
7 88 -400
8 88 0
9 88 0
88 88 1200
89 88 0
1 89 0
2 89 -400
3 89 0
7 89 0
8 89 -400
9 89 0
88 89 0
89 89 1200
90 90 400
91 90 0
90 91 0
91 91 400
1 92 -400
2 92 0
3 92 0
4 92 -400
5 92 0
6 92 0
92 92 1200
93 92 0
1 93 0
2 93 -400
3 93 0
4 93 0
5 93 -400
6 93 0
92 93 0
93 93 1200
1 94 -400
2 94 0
3 94 0
4 94 -400
5 94 0
6 94 0
94 94 1200
95 94 0
1 95 0
2 95 -400
3 95 0
4 95 0
5 95 -400
6 95 0
94 95 0
95 95 1200
1 96 -400
2 96 0
3 96 0
96 96 800
97 96 0
1 97 0
2 97 -400
3 97 0
96 97 0
97 97 800
1 98 -400
2 98 0
3 98 0
7 98 -400
8 98 0
9 98 0
98 98 1200
99 98 0
1 99 0
2 99 -400
3 99 0
7 99 0
8 99 -400
9 99 0
98 99 0
99 99 1200
1 100 -800
2 100 0
3 100 0
7 100 -400
8 100 0
9 100 0
100 100 2000
101 100 0
1 101 0
2 101 -800
3 101 0
7 101 0
8 101 -400
9 101 0
100 101 0
101 101 2000
102 102 400
103 102 0
102 103 0
103 103 400
7 104 -400
8 104 0
9 104 0
104 104 800
105 104 0
7 105 0
8 105 -400
9 105 0
104 105 0
105 105 800
1 106 -400
2 106 0
3 106 0
106 106 800
107 106 0
1 107 0
2 107 -400
3 107 0
106 107 0
107 107 800
1 108 -400
2 108 0
3 108 0
7 108 -400
8 108 0
9 108 0
108 108 1200
109 108 0
1 109 0
2 109 -400
3 109 0
7 109 0
8 109 -400
9 109 0
108 109 0
109 109 1200
1 110 -400
2 110 0
3 110 0
7 110 -400
8 110 0
9 110 0
110 110 1200
111 110 0
1 111 0
2 111 -400
3 111 0
7 111 0
8 111 -400
9 111 0
110 111 0
111 111 1200
1 112 -400
2 112 0
3 112 0
4 112 -400
5 112 0
6 112 0
7 112 -400
8 112 0
9 112 0
112 112 2000
113 112 0
1 113 0
2 113 -400
3 113 0
4 113 0
5 113 -400
6 113 0
7 113 0
8 113 -400
9 113 0
112 113 0
113 113 2000
1 114 -400
2 114 0
3 114 0
114 114 1200
115 114 0
1 115 0
2 115 -400
3 115 0
114 115 0
115 115 1200
1 116 -400
2 116 0
3 116 0
7 116 -400
8 116 0
9 116 0
116 116 1600
117 116 0
1 117 0
2 117 -400
3 117 0
7 117 0
8 117 -400
9 117 0
116 117 0
117 117 1600
1 118 -400
2 118 0
3 118 0
118 118 400
119 118 0
1 119 0
2 119 -400
3 119 0
118 119 0
119 119 400
1 120 -400
2 120 0
3 120 0
120 120 800
121 120 0
1 121 0
2 121 -400
3 121 0
120 121 0
121 121 800
1 122 -400
2 122 0
3 122 0
122 122 800
123 122 0
1 123 0
2 123 -400
3 123 0
122 123 0
123 123 800
124 124 400
125 124 0
124 125 0
125 125 400
1 126 -400
2 126 0
3 126 0
7 126 -400
8 126 0
9 126 0
126 126 1200
127 126 0
1 127 0
2 127 -400
3 127 0
7 127 0
8 127 -400
9 127 0
126 127 0
127 127 1200
4 128 -400
5 128 0
6 128 0
128 128 800
129 128 0
4 129 0
5 129 -400
6 129 0
128 129 0
129 129 800
4 130 -400
5 130 0
6 130 0
7 130 -400
8 130 0
9 130 0
130 130 1200
131 130 0
4 131 0
5 131 -400
6 131 0
7 131 0
8 131 -400
9 131 0
130 131 0
131 131 1200
4 132 -400
5 132 0
6 132 0
132 132 800
133 132 0
4 133 0
5 133 -400
6 133 0
132 133 0
133 133 800
1 134 -400
2 134 0
3 134 0
4 134 -400
5 134 0
6 134 0
7 134 -400
8 134 0
9 134 0
134 134 1600
135 134 0
1 135 0
2 135 -400
3 135 0
4 135 0
5 135 -400
6 135 0
7 135 0
8 135 -400
9 135 0
134 135 0
135 135 1600
1 136 -400
2 136 0
3 136 0
7 136 -400
8 136 0
9 136 0
136 136 1200
137 136 0
1 137 0
2 137 -400
3 137 0
7 137 0
8 137 -400
9 137 0
136 137 0
137 137 1200
1 138 -400
2 138 0
3 138 0
138 138 800
139 138 0
1 139 0
2 139 -400
3 139 0
138 139 0
139 139 800
1 140 -400
2 140 0
3 140 0
140 140 800
141 140 0
1 141 0
2 141 -400
3 141 0
140 141 0
141 141 800
1 142 -400
2 142 0
3 142 0
4 142 -400
5 142 0
6 142 0
142 142 1200
143 142 0
1 143 0
2 143 -400
3 143 0
4 143 0
5 143 -400
6 143 0
142 143 0
143 143 1200
1 144 -400
2 144 0
3 144 0
4 144 -400
5 144 0
6 144 0
144 144 1200
145 144 0
1 145 0
2 145 -400
3 145 0
4 145 0
5 145 -400
6 145 0
144 145 0
145 145 1200
4 146 -400
5 146 0
6 146 0
7 146 -800
8 146 0
9 146 0
146 146 1600
147 146 0
4 147 0
5 147 -400
6 147 0
7 147 0
8 147 -800
9 147 0
146 147 0
147 147 1600
1 148 -400
2 148 0
3 148 0
4 148 -400
5 148 0
6 148 0
7 148 -800
8 148 0
9 148 0
148 148 2000
149 148 0
1 149 0
2 149 -400
3 149 0
4 149 0
5 149 -400
6 149 0
7 149 0
8 149 -800
9 149 0
148 149 0
149 149 2000
1 150 -400
2 150 0
3 150 0
4 150 -400
5 150 0
6 150 0
7 150 -400
8 150 0
9 150 0
150 150 1600
151 150 0
1 151 0
2 151 -400
3 151 0
4 151 0
5 151 -400
6 151 0
7 151 0
8 151 -400
9 151 0
150 151 0
151 151 1600
1 152 -400
2 152 0
3 152 0
4 152 -800
5 152 0
6 152 0
7 152 -800
8 152 0
9 152 0
152 152 2800
153 152 0
1 153 0
2 153 -400
3 153 0
4 153 0
5 153 -800
6 153 0
7 153 0
8 153 -800
9 153 0
152 153 0
153 153 2800
1 154 -400
2 154 0
3 154 0
4 154 -400
5 154 0
6 154 0
7 154 -400
8 154 0
9 154 0
154 154 1600
155 154 0
1 155 0
2 155 -400
3 155 0
4 155 0
5 155 -400
6 155 0
7 155 0
8 155 -400
9 155 0
154 155 0
155 155 1600
1 156 -400
2 156 0
3 156 0
156 156 800
157 156 0
1 157 0
2 157 -400
3 157 0
156 157 0
157 157 800
1 158 -400
2 158 0
3 158 0
7 158 -400
8 158 0
9 158 0
158 158 1200
159 158 0
1 159 0
2 159 -400
3 159 0
7 159 0
8 159 -400
9 159 0
158 159 0
159 159 1200
1 160 -400
2 160 0
3 160 0
4 160 -400
5 160 0
6 160 0
7 160 -400
8 160 0
9 160 0
160 160 1600
161 160 0
1 161 0
2 161 -400
3 161 0
4 161 0
5 161 -400
6 161 0
7 161 0
8 161 -400
9 161 0
160 161 0
161 161 1600
1 162 -400
2 162 0
3 162 0
4 162 -400
5 162 0
6 162 0
7 162 -400
8 162 0
9 162 0
162 162 1600
163 162 0
1 163 0
2 163 -400
3 163 0
4 163 0
5 163 -400
6 163 0
7 163 0
8 163 -400
9 163 0
162 163 0
163 163 1600
4 164 -400
5 164 0
6 164 0
164 164 800
165 164 0
4 165 0
5 165 -400
6 165 0
164 165 0
165 165 800
1 166 -400
2 166 0
3 166 0
4 166 -400
5 166 0
6 166 0
7 166 -400
8 166 0
9 166 0
166 166 1600
167 166 0
1 167 0
2 167 -400
3 167 0
4 167 0
5 167 -400
6 167 0
7 167 0
8 167 -400
9 167 0
166 167 0
167 167 1600
1 168 -400
2 168 0
3 168 0
4 168 -400
5 168 0
6 168 0
7 168 -400
8 168 0
9 168 0
168 168 1600
169 168 0
1 169 0
2 169 -400
3 169 0
4 169 0
5 169 -400
6 169 0
7 169 0
8 169 -400
9 169 0
168 169 0
169 169 1600
7 170 -400
8 170 0
9 170 0
170 170 800
171 170 0
7 171 0
8 171 -400
9 171 0
170 171 0
171 171 800
172 172 400
173 172 0
172 173 0
173 173 400
1 174 -400
2 174 0
3 174 0
4 174 -400
5 174 0
6 174 0
7 174 -400
8 174 0
9 174 0
174 174 1600
175 174 0
1 175 0
2 175 -400
3 175 0
4 175 0
5 175 -400
6 175 0
7 175 0
8 175 -400
9 175 0
174 175 0
175 175 1600
1 176 -400
2 176 0
3 176 0
176 176 800
177 176 0
1 177 0
2 177 -400
3 177 0
176 177 0
177 177 800
1 178 -400
2 178 0
3 178 0
4 178 -400
5 178 0
6 178 0
178 178 1200
179 178 0
1 179 0
2 179 -400
3 179 0
4 179 0
5 179 -400
6 179 0
178 179 0
179 179 1200
1 180 -400
2 180 0
3 180 0
7 180 -400
8 180 0
9 180 0
180 180 1200
181 180 0
1 181 0
2 181 -400
3 181 0
7 181 0
8 181 -400
9 181 0
180 181 0
181 181 1200
1 182 -400
2 182 0
3 182 0
182 182 400
183 182 0
1 183 0
2 183 -400
3 183 0
182 183 0
183 183 400
1 184 -400
2 184 0
3 184 0
184 184 800
185 184 0
1 185 0
2 185 -400
3 185 0
184 185 0
185 185 800
1 186 -400
2 186 0
3 186 0
186 186 800
187 186 0
1 187 0
2 187 -400
3 187 0
186 187 0
187 187 800
1 188 -800
2 188 0
3 188 0
4 188 -400
5 188 0
6 188 0
188 188 2000
189 188 0
1 189 0
2 189 -800
3 189 0
4 189 0
5 189 -400
6 189 0
188 189 0
189 189 2000
1 190 -400
2 190 0
3 190 0
4 190 -400
5 190 0
6 190 0
190 190 1600
191 190 0
1 191 0
2 191 -400
3 191 0
4 191 0
5 191 -400
6 191 0
190 191 0
191 191 1600
1 192 -400
2 192 0
3 192 0
4 192 -400
5 192 0
6 192 0
7 192 -400
8 192 0
9 192 0
192 192 1600
193 192 0
1 193 0
2 193 -400
3 193 0
4 193 0
5 193 -400
6 193 0
7 193 0
8 193 -400
9 193 0
192 193 0
193 193 1600
1 194 -400
2 194 0
3 194 0
4 194 -400
5 194 0
6 194 0
7 194 -400
8 194 0
9 194 0
194 194 1600
195 194 0
1 195 0
2 195 -400
3 195 0
4 195 0
5 195 -400
6 195 0
7 195 0
8 195 -400
9 195 0
194 195 0
195 195 1600
1 196 -400
2 196 0
3 196 0
196 196 800
197 196 0
1 197 0
2 197 -400
3 197 0
196 197 0
197 197 800
1 198 -400
2 198 0
3 198 0
4 198 -400
5 198 0
6 198 0
198 198 1200
199 198 0
1 199 0
2 199 -400
3 199 0
4 199 0
5 199 -400
6 199 0
198 199 0
199 199 1200
1 200 -800
2 200 0
3 200 0
200 200 1600
201 200 0
1 201 0
2 201 -800
3 201 0
200 201 0
201 201 1600
1 202 -800
2 202 0
3 202 0
202 202 1600
203 202 0
1 203 0
2 203 -800
3 203 0
202 203 0
203 203 1600
1 204 -400
2 204 0
3 204 0
204 204 800
205 204 0
1 205 0
2 205 -400
3 205 0
204 205 0
205 205 800
1 206 -400
2 206 0
3 206 0
7 206 -400
8 206 0
9 206 0
206 206 1200
207 206 0
1 207 0
2 207 -400
3 207 0
7 207 0
8 207 -400
9 207 0
206 207 0
207 207 1200
1 208 -400
2 208 0
3 208 0
7 208 -400
8 208 0
9 208 0
208 208 1200
209 208 0
1 209 0
2 209 -400
3 209 0
7 209 0
8 209 -400
9 209 0
208 209 0
209 209 1200
1 210 -400
2 210 0
3 210 0
4 210 -400
5 210 0
6 210 0
7 210 -400
8 210 0
9 210 0
210 210 1600
211 210 0
1 211 0
2 211 -400
3 211 0
4 211 0
5 211 -400
6 211 0
7 211 0
8 211 -400
9 211 0
210 211 0
211 211 1600
1 212 -400
2 212 0
3 212 0
4 212 -400
5 212 0
6 212 0
7 212 -400
8 212 0
9 212 0
212 212 1600
213 212 0
1 213 0
2 213 -400
3 213 0
4 213 0
5 213 -400
6 213 0
7 213 0
8 213 -400
9 213 0
212 213 0
213 213 1600
4 214 -800
5 214 0
6 214 0
7 214 -400
8 214 0
9 214 0
214 214 1600
215 214 0
4 215 0
5 215 -800
6 215 0
7 215 0
8 215 -400
9 215 0
214 215 0
215 215 1600
4 216 -800
5 216 0
6 216 0
216 216 1200
217 216 0
4 217 0
5 217 -800
6 217 0
216 217 0
217 217 1200
1 218 -400
2 218 0
3 218 0
218 218 400
219 218 0
1 219 0
2 219 -400
3 219 0
218 219 0
219 219 400
220 220 400
221 220 0
220 221 0
221 221 400
1 222 -400
2 222 0
3 222 0
7 222 -400
8 222 0
9 222 0
222 222 1200
223 222 0
1 223 0
2 223 -400
3 223 0
7 223 0
8 223 -400
9 223 0
222 223 0
223 223 1200
224 224 400
225 224 0
224 225 0
225 225 400
4 226 -400
5 226 0
6 226 0
7 226 -400
8 226 0
9 226 0
226 226 1200
227 226 0
4 227 0
5 227 -400
6 227 0
7 227 0
8 227 -400
9 227 0
226 227 0
227 227 1200
1 228 -400
2 228 0
3 228 0
7 228 -400
8 228 0
9 228 0
228 228 1200
229 228 0
1 229 0
2 229 -400
3 229 0
7 229 0
8 229 -400
9 229 0
228 229 0
229 229 1200
1 230 -400
2 230 0
3 230 0
7 230 -400
8 230 0
9 230 0
230 230 1200
231 230 0
1 231 0
2 231 -400
3 231 0
7 231 0
8 231 -400
9 231 0
230 231 0
231 231 1200
1 232 -400
2 232 0
3 232 0
7 232 -400
8 232 0
9 232 0
232 232 1200
233 232 0
1 233 0
2 233 -400
3 233 0
7 233 0
8 233 -400
9 233 0
232 233 0
233 233 1200
4 234 -400
5 234 0
6 234 0
234 234 800
235 234 0
4 235 0
5 235 -400
6 235 0
234 235 0
235 235 800
4 236 -400
5 236 0
6 236 0
236 236 800
237 236 0
4 237 0
5 237 -400
6 237 0
236 237 0
237 237 800
1 238 -400
2 238 0
3 238 0
7 238 -400
8 238 0
9 238 0
238 238 1200
239 238 0
1 239 0
2 239 -400
3 239 0
7 239 0
8 239 -400
9 239 0
238 239 0
239 239 1200
1 240 -400
2 240 0
3 240 0
7 240 -400
8 240 0
9 240 0
240 240 1200
241 240 0
1 241 0
2 241 -400
3 241 0
7 241 0
8 241 -400
9 241 0
240 241 0
241 241 1200
1 242 -400
2 242 0
3 242 0
242 242 800
243 242 0
1 243 0
2 243 -400
3 243 0
242 243 0
243 243 800
1 244 -400
2 244 0
3 244 0
244 244 800
245 244 0
1 245 0
2 245 -400
3 245 0
244 245 0
245 245 800
1 246 -400
2 246 0
3 246 0
246 246 800
247 246 0
1 247 0
2 247 -400
3 247 0
246 247 0
247 247 800
1 248 -400
2 248 0
3 248 0
248 248 800
249 248 0
1 249 0
2 249 -400
3 249 0
248 249 0
249 249 800
1 250 -400
2 250 0
3 250 0
4 250 -400
5 250 0
6 250 0
7 250 -400
8 250 0
9 250 0
250 250 1600
251 250 0
1 251 0
2 251 -400
3 251 0
4 251 0
5 251 -400
6 251 0
7 251 0
8 251 -400
9 251 0
250 251 0
251 251 1600
1 252 -400
2 252 0
3 252 0
4 252 -400
5 252 0
6 252 0
252 252 1200
253 252 0
1 253 0
2 253 -400
3 253 0
4 253 0
5 253 -400
6 253 0
252 253 0
253 253 1200
1 254 -400
2 254 0
3 254 0
4 254 -400
5 254 0
6 254 0
254 254 1200
255 254 0
1 255 0
2 255 -400
3 255 0
4 255 0
5 255 -400
6 255 0
254 255 0
255 255 1200
1 256 -400
2 256 0
3 256 0
4 256 -400
5 256 0
6 256 0
7 256 -400
8 256 0
9 256 0
256 256 1600
257 256 0
1 257 0
2 257 -400
3 257 0
4 257 0
5 257 -400
6 257 0
7 257 0
8 257 -400
9 257 0
256 257 0
257 257 1600
1 258 -400
2 258 0
3 258 0
4 258 -400
5 258 0
6 258 0
7 258 -400
8 258 0
9 258 0
258 258 1600
259 258 0
1 259 0
2 259 -400
3 259 0
4 259 0
5 259 -400
6 259 0
7 259 0
8 259 -400
9 259 0
258 259 0
259 259 1600
1 260 -400
2 260 0
3 260 0
4 260 -400
5 260 0
6 260 0
7 260 -400
8 260 0
9 260 0
260 260 1600
261 260 0
1 261 0
2 261 -400
3 261 0
4 261 0
5 261 -400
6 261 0
7 261 0
8 261 -400
9 261 0
260 261 0
261 261 1600
1 262 -400
2 262 0
3 262 0
4 262 -400
5 262 0
6 262 0
7 262 -400
8 262 0
9 262 0
262 262 1600
263 262 0
1 263 0
2 263 -400
3 263 0
4 263 0
5 263 -400
6 263 0
7 263 0
8 263 -400
9 263 0
262 263 0
263 263 1600
1 264 -400
2 264 0
3 264 0
4 264 -400
5 264 0
6 264 0
7 264 -400
8 264 0
9 264 0
264 264 1600
265 264 0
1 265 0
2 265 -400
3 265 0
4 265 0
5 265 -400
6 265 0
7 265 0
8 265 -400
9 265 0
264 265 0
265 265 1600
1 266 -400
2 266 0
3 266 0
4 266 -400
5 266 0
6 266 0
7 266 -400
8 266 0
9 266 0
266 266 1600
267 266 0
1 267 0
2 267 -400
3 267 0
4 267 0
5 267 -400
6 267 0
7 267 0
8 267 -400
9 267 0
266 267 0
267 267 1600
1 268 -400
2 268 0
3 268 0
4 268 -400
5 268 0
6 268 0
7 268 -400
8 268 0
9 268 0
268 268 1600
269 268 0
1 269 0
2 269 -400
3 269 0
4 269 0
5 269 -400
6 269 0
7 269 0
8 269 -400
9 269 0
268 269 0
269 269 1600
1 270 -400
2 270 0
3 270 0
4 270 -400
5 270 0
6 270 0
7 270 -400
8 270 0
9 270 0
270 270 1600
271 270 0
1 271 0
2 271 -400
3 271 0
4 271 0
5 271 -400
6 271 0
7 271 0
8 271 -400
9 271 0
270 271 0
271 271 1600
1 272 -400
2 272 0
3 272 0
7 272 -400
8 272 0
9 272 0
272 272 1200
273 272 0
1 273 0
2 273 -400
3 273 0
7 273 0
8 273 -400
9 273 0
272 273 0
273 273 1200
1 274 -400
2 274 0
3 274 0
7 274 -400
8 274 0
9 274 0
274 274 1200
275 274 0
1 275 0
2 275 -400
3 275 0
7 275 0
8 275 -400
9 275 0
274 275 0
275 275 1200
1 276 -400
2 276 0
3 276 0
276 276 800
277 276 0
1 277 0
2 277 -400
3 277 0
276 277 0
277 277 800
1 278 -400
2 278 0
3 278 0
7 278 -400
8 278 0
9 278 0
278 278 1200
279 278 0
1 279 0
2 279 -400
3 279 0
7 279 0
8 279 -400
9 279 0
278 279 0
279 279 1200
4 280 -400
5 280 0
6 280 0
7 280 -400
8 280 0
9 280 0
280 280 1200
281 280 0
4 281 0
5 281 -400
6 281 0
7 281 0
8 281 -400
9 281 0
280 281 0
281 281 1200
4 282 -400
5 282 0
6 282 0
7 282 -400
8 282 0
9 282 0
282 282 1200
283 282 0
4 283 0
5 283 -400
6 283 0
7 283 0
8 283 -400
9 283 0
282 283 0
283 283 1200
1 284 -400
2 284 0
3 284 0
4 284 -400
5 284 0
6 284 0
284 284 1200
285 284 0
1 285 0
2 285 -400
3 285 0
4 285 0
5 285 -400
6 285 0
284 285 0
285 285 1200
1 286 -400
2 286 0
3 286 0
4 286 -400
5 286 0
6 286 0
7 286 -400
8 286 0
9 286 0
286 286 1600
287 286 0
1 287 0
2 287 -400
3 287 0
4 287 0
5 287 -400
6 287 0
7 287 0
8 287 -400
9 287 0
286 287 0
287 287 1600
1 288 -400
2 288 0
3 288 0
288 288 800
289 288 0
1 289 0
2 289 -400
3 289 0
288 289 0
289 289 800
1 290 -400
2 290 0
3 290 0
4 290 -400
5 290 0
6 290 0
7 290 -400
8 290 0
9 290 0
290 290 1600
291 290 0
1 291 0
2 291 -400
3 291 0
4 291 0
5 291 -400
6 291 0
7 291 0
8 291 -400
9 291 0
290 291 0
291 291 1600
1 292 -400
2 292 0
3 292 0
4 292 -400
5 292 0
6 292 0
292 292 1200
293 292 0
1 293 0
2 293 -400
3 293 0
4 293 0
5 293 -400
6 293 0
292 293 0
293 293 1200
294 294 400
295 294 0
294 295 0
295 295 400
296 296 400
297 296 0
296 297 0
297 297 400
1 298 -400
2 298 0
3 298 0
298 298 400
299 298 0
1 299 0
2 299 -400
3 299 0
298 299 0
299 299 400
1 300 -400
2 300 0
3 300 0
4 300 -400
5 300 0
6 300 0
7 300 -400
8 300 0
9 300 0
300 300 1600
301 300 0
1 301 0
2 301 -400
3 301 0
4 301 0
5 301 -400
6 301 0
7 301 0
8 301 -400
9 301 0
300 301 0
301 301 1600
1 302 -400
2 302 0
3 302 0
4 302 -400
5 302 0
6 302 0
7 302 -400
8 302 0
9 302 0
302 302 1600
303 302 0
1 303 0
2 303 -400
3 303 0
4 303 0
5 303 -400
6 303 0
7 303 0
8 303 -400
9 303 0
302 303 0
303 303 1600
1 304 -400
2 304 0
3 304 0
7 304 -400
8 304 0
9 304 0
304 304 1200
305 304 0
1 305 0
2 305 -400
3 305 0
7 305 0
8 305 -400
9 305 0
304 305 0
305 305 1200
1 306 -400
2 306 0
3 306 0
7 306 -400
8 306 0
9 306 0
306 306 1200
307 306 0
1 307 0
2 307 -400
3 307 0
7 307 0
8 307 -400
9 307 0
306 307 0
307 307 1200
1 308 -400
2 308 0
3 308 0
7 308 -400
8 308 0
9 308 0
308 308 1200
309 308 0
1 309 0
2 309 -400
3 309 0
7 309 0
8 309 -400
9 309 0
308 309 0
309 309 1200
1 310 -400
2 310 0
3 310 0
7 310 -400
8 310 0
9 310 0
310 310 1200
311 310 0
1 311 0
2 311 -400
3 311 0
7 311 0
8 311 -400
9 311 0
310 311 0
311 311 1200
1 312 -400
2 312 0
3 312 0
4 312 -400
5 312 0
6 312 0
7 312 -400
8 312 0
9 312 0
312 312 1600
313 312 0
1 313 0
2 313 -400
3 313 0
4 313 0
5 313 -400
6 313 0
7 313 0
8 313 -400
9 313 0
312 313 0
313 313 1600
1 314 -400
2 314 0
3 314 0
4 314 -400
5 314 0
6 314 0
7 314 -400
8 314 0
9 314 0
314 314 1600
315 314 0
1 315 0
2 315 -400
3 315 0
4 315 0
5 315 -400
6 315 0
7 315 0
8 315 -400
9 315 0
314 315 0
315 315 1600
316 316 400
317 316 0
316 317 0
317 317 400
318 318 400
319 318 0
318 319 0
319 319 400
4 320 -400
5 320 0
6 320 0
7 320 -400
8 320 0
9 320 0
320 320 1200
321 320 0
4 321 0
5 321 -400
6 321 0
7 321 0
8 321 -400
9 321 0
320 321 0
321 321 1200
1 322 -400
2 322 0
3 322 0
4 322 -400
5 322 0
6 322 0
7 322 -400
8 322 0
9 322 0
322 322 1600
323 322 0
1 323 0
2 323 -400
3 323 0
4 323 0
5 323 -400
6 323 0
7 323 0
8 323 -400
9 323 0
322 323 0
323 323 1600
1 324 -400
2 324 0
3 324 0
7 324 -400
8 324 0
9 324 0
324 324 1200
325 324 0
1 325 0
2 325 -400
3 325 0
7 325 0
8 325 -400
9 325 0
324 325 0
325 325 1200
1 326 -400
2 326 0
3 326 0
4 326 -400
5 326 0
6 326 0
326 326 1200
327 326 0
1 327 0
2 327 -400
3 327 0
4 327 0
5 327 -400
6 327 0
326 327 0
327 327 1200
1 328 -400
2 328 0
3 328 0
7 328 -400
8 328 0
9 328 0
328 328 1200
329 328 0
1 329 0
2 329 -400
3 329 0
7 329 0
8 329 -400
9 329 0
328 329 0
329 329 1200
1 330 -400
2 330 0
3 330 0
7 330 -400
8 330 0
9 330 0
330 330 1200
331 330 0
1 331 0
2 331 -400
3 331 0
7 331 0
8 331 -400
9 331 0
330 331 0
331 331 1200
1 332 -400
2 332 0
3 332 0
7 332 -400
8 332 0
9 332 0
332 332 1200
333 332 0
1 333 0
2 333 -400
3 333 0
7 333 0
8 333 -400
9 333 0
332 333 0
333 333 1200
1 334 -400
2 334 0
3 334 0
7 334 -400
8 334 0
9 334 0
334 334 1200
335 334 0
1 335 0
2 335 -400
3 335 0
7 335 0
8 335 -400
9 335 0
334 335 0
335 335 1200
1 336 -400
2 336 0
3 336 0
4 336 -400
5 336 0
6 336 0
7 336 -400
8 336 0
9 336 0
336 336 1600
337 336 0
1 337 0
2 337 -400
3 337 0
4 337 0
5 337 -400
6 337 0
7 337 0
8 337 -400
9 337 0
336 337 0
337 337 1600
1 338 -400
2 338 0
3 338 0
7 338 -400
8 338 0
9 338 0
338 338 1200
339 338 0
1 339 0
2 339 -400
3 339 0
7 339 0
8 339 -400
9 339 0
338 339 0
339 339 1200
1 340 -400
2 340 0
3 340 0
7 340 -400
8 340 0
9 340 0
340 340 1200
341 340 0
1 341 0
2 341 -400
3 341 0
7 341 0
8 341 -400
9 341 0
340 341 0
341 341 1200
1 342 -400
2 342 0
3 342 0
7 342 -400
8 342 0
9 342 0
342 342 1200
343 342 0
1 343 0
2 343 -400
3 343 0
7 343 0
8 343 -400
9 343 0
342 343 0
343 343 1200
1 344 -400
2 344 0
3 344 0
7 344 -400
8 344 0
9 344 0
344 344 1200
345 344 0
1 345 0
2 345 -400
3 345 0
7 345 0
8 345 -400
9 345 0
344 345 0
345 345 1200
1 346 -400
2 346 0
3 346 0
7 346 -400
8 346 0
9 346 0
346 346 1200
347 346 0
1 347 0
2 347 -400
3 347 0
7 347 0
8 347 -400
9 347 0
346 347 0
347 347 1200
1 348 -400
2 348 0
3 348 0
7 348 -400
8 348 0
9 348 0
348 348 1200
349 348 0
1 349 0
2 349 -400
3 349 0
7 349 0
8 349 -400
9 349 0
348 349 0
349 349 1200
1 350 -400
2 350 0
3 350 0
7 350 -400
8 350 0
9 350 0
350 350 1200
351 350 0
1 351 0
2 351 -400
3 351 0
7 351 0
8 351 -400
9 351 0
350 351 0
351 351 1200
1 352 -400
2 352 0
3 352 0
352 352 800
353 352 0
1 353 0
2 353 -400
3 353 0
352 353 0
353 353 800
1 354 -400
2 354 0
3 354 0
7 354 -400
8 354 0
9 354 0
354 354 1200
355 354 0
1 355 0
2 355 -400
3 355 0
7 355 0
8 355 -400
9 355 0
354 355 0
355 355 1200
1 356 -400
2 356 0
3 356 0
7 356 -400
8 356 0
9 356 0
356 356 1200
357 356 0
1 357 0
2 357 -400
3 357 0
7 357 0
8 357 -400
9 357 0
356 357 0
357 357 1200
1 358 -400
2 358 0
3 358 0
7 358 -400
8 358 0
9 358 0
358 358 1200
359 358 0
1 359 0
2 359 -400
3 359 0
7 359 0
8 359 -400
9 359 0
358 359 0
359 359 1200
1 360 -400
2 360 0
3 360 0
4 360 -400
5 360 0
6 360 0
7 360 -400
8 360 0
9 360 0
360 360 1600
361 360 0
1 361 0
2 361 -400
3 361 0
4 361 0
5 361 -400
6 361 0
7 361 0
8 361 -400
9 361 0
360 361 0
361 361 1600
1 362 -400
2 362 0
3 362 0
4 362 -400
5 362 0
6 362 0
7 362 -400
8 362 0
9 362 0
362 362 1600
363 362 0
1 363 0
2 363 -400
3 363 0
4 363 0
5 363 -400
6 363 0
7 363 0
8 363 -400
9 363 0
362 363 0
363 363 1600
1 364 -400
2 364 0
3 364 0
7 364 -400
8 364 0
9 364 0
364 364 1200
365 364 0
1 365 0
2 365 -400
3 365 0
7 365 0
8 365 -400
9 365 0
364 365 0
365 365 1200
1 366 -400
2 366 0
3 366 0
7 366 -400
8 366 0
9 366 0
366 366 1200
367 366 0
1 367 0
2 367 -400
3 367 0
7 367 0
8 367 -400
9 367 0
366 367 0
367 367 1200
1 368 -400
2 368 0
3 368 0
7 368 -400
8 368 0
9 368 0
368 368 1200
369 368 0
1 369 0
2 369 -400
3 369 0
7 369 0
8 369 -400
9 369 0
368 369 0
369 369 1200
1 370 -400
2 370 0
3 370 0
4 370 -400
5 370 0
6 370 0
7 370 -400
8 370 0
9 370 0
370 370 1600
371 370 0
1 371 0
2 371 -400
3 371 0
4 371 0
5 371 -400
6 371 0
7 371 0
8 371 -400
9 371 0
370 371 0
371 371 1600
1 372 -400
2 372 0
3 372 0
4 372 -400
5 372 0
6 372 0
7 372 -400
8 372 0
9 372 0
372 372 1600
373 372 0
1 373 0
2 373 -400
3 373 0
4 373 0
5 373 -400
6 373 0
7 373 0
8 373 -400
9 373 0
372 373 0
373 373 1600
1 374 -400
2 374 0
3 374 0
4 374 -400
5 374 0
6 374 0
7 374 -400
8 374 0
9 374 0
374 374 1600
375 374 0
1 375 0
2 375 -400
3 375 0
4 375 0
5 375 -400
6 375 0
7 375 0
8 375 -400
9 375 0
374 375 0
375 375 1600
1 376 -400
2 376 0
3 376 0
4 376 -400
5 376 0
6 376 0
7 376 -400
8 376 0
9 376 0
376 376 1600
377 376 0
1 377 0
2 377 -400
3 377 0
4 377 0
5 377 -400
6 377 0
7 377 0
8 377 -400
9 377 0
376 377 0
377 377 1600
1 378 -400
2 378 0
3 378 0
7 378 -400
8 378 0
9 378 0
378 378 1200
379 378 0
1 379 0
2 379 -400
3 379 0
7 379 0
8 379 -400
9 379 0
378 379 0
379 379 1200
1 380 -400
2 380 0
3 380 0
4 380 -400
5 380 0
6 380 0
380 380 1200
381 380 0
1 381 0
2 381 -400
3 381 0
4 381 0
5 381 -400
6 381 0
380 381 0
381 381 1200
1 382 -400
2 382 0
3 382 0
4 382 -400
5 382 0
6 382 0
7 382 -400
8 382 0
9 382 0
382 382 1600
383 382 0
1 383 0
2 383 -400
3 383 0
4 383 0
5 383 -400
6 383 0
7 383 0
8 383 -400
9 383 0
382 383 0
383 383 1600
1 384 -400
2 384 0
3 384 0
4 384 -400
5 384 0
6 384 0
7 384 -400
8 384 0
9 384 0
384 384 1600
385 384 0
1 385 0
2 385 -400
3 385 0
4 385 0
5 385 -400
6 385 0
7 385 0
8 385 -400
9 385 0
384 385 0
385 385 1600
1 386 -400
2 386 0
3 386 0
7 386 -400
8 386 0
9 386 0
386 386 1200
387 386 0
1 387 0
2 387 -400
3 387 0
7 387 0
8 387 -400
9 387 0
386 387 0
387 387 1200
1 388 -400
2 388 0
3 388 0
388 388 800
389 388 0
1 389 0
2 389 -400
3 389 0
388 389 0
389 389 800
1 390 -400
2 390 0
3 390 0
4 390 -400
5 390 0
6 390 0
7 390 -400
8 390 0
9 390 0
390 390 1600
391 390 0
1 391 0
2 391 -400
3 391 0
4 391 0
5 391 -400
6 391 0
7 391 0
8 391 -400
9 391 0
390 391 0
391 391 1600
1 392 -400
2 392 0
3 392 0
4 392 -400
5 392 0
6 392 0
7 392 -400
8 392 0
9 392 0
392 392 1600
393 392 0
1 393 0
2 393 -400
3 393 0
4 393 0
5 393 -400
6 393 0
7 393 0
8 393 -400
9 393 0
392 393 0
393 393 1600
1 394 -400
2 394 0
3 394 0
4 394 -400
5 394 0
6 394 0
7 394 -400
8 394 0
9 394 0
394 394 1600
395 394 0
1 395 0
2 395 -400
3 395 0
4 395 0
5 395 -400
6 395 0
7 395 0
8 395 -400
9 395 0
394 395 0
395 395 1600
1 396 -400
2 396 0
3 396 0
396 396 800
397 396 0
1 397 0
2 397 -400
3 397 0
396 397 0
397 397 800
1 398 -400
2 398 0
3 398 0
4 398 -400
5 398 0
6 398 0
7 398 -400
8 398 0
9 398 0
398 398 1600
399 398 0
1 399 0
2 399 -400
3 399 0
4 399 0
5 399 -400
6 399 0
7 399 0
8 399 -400
9 399 0
398 399 0
399 399 1600
1 400 -400
2 400 0
3 400 0
4 400 -400
5 400 0
6 400 0
7 400 -400
8 400 0
9 400 0
400 400 1600
401 400 0
1 401 0
2 401 -400
3 401 0
4 401 0
5 401 -400
6 401 0
7 401 0
8 401 -400
9 401 0
400 401 0
401 401 1600
1 402 -400
2 402 0
3 402 0
7 402 -400
8 402 0
9 402 0
402 402 1200
403 402 0
1 403 0
2 403 -400
3 403 0
7 403 0
8 403 -400
9 403 0
402 403 0
403 403 1200
1 404 -400
2 404 0
3 404 0
7 404 -400
8 404 0
9 404 0
404 404 1200
405 404 0
1 405 0
2 405 -400
3 405 0
7 405 0
8 405 -400
9 405 0
404 405 0
405 405 1200
1 406 -400
2 406 0
3 406 0
7 406 -400
8 406 0
9 406 0
406 406 1200
407 406 0
1 407 0
2 407 -400
3 407 0
7 407 0
8 407 -400
9 407 0
406 407 0
407 407 1200
1 408 -400
2 408 0
3 408 0
7 408 -400
8 408 0
9 408 0
408 408 1200
409 408 0
1 409 0
2 409 -400
3 409 0
7 409 0
8 409 -400
9 409 0
408 409 0
409 409 1200
1 410 -400
2 410 0
3 410 0
4 410 -400
5 410 0
6 410 0
7 410 -400
8 410 0
9 410 0
410 410 1600
411 410 0
1 411 0
2 411 -400
3 411 0
4 411 0
5 411 -400
6 411 0
7 411 0
8 411 -400
9 411 0
410 411 0
411 411 1600
1 412 -400
2 412 0
3 412 0
4 412 -400
5 412 0
6 412 0
7 412 -400
8 412 0
9 412 0
412 412 1600
413 412 0
1 413 0
2 413 -400
3 413 0
4 413 0
5 413 -400
6 413 0
7 413 0
8 413 -400
9 413 0
412 413 0
413 413 1600
1 414 -400
2 414 0
3 414 0
7 414 -400
8 414 0
9 414 0
414 414 1200
415 414 0
1 415 0
2 415 -400
3 415 0
7 415 0
8 415 -400
9 415 0
414 415 0
415 415 1200
1 416 -400
2 416 0
3 416 0
7 416 -400
8 416 0
9 416 0
416 416 1200
417 416 0
1 417 0
2 417 -400
3 417 0
7 417 0
8 417 -400
9 417 0
416 417 0
417 417 1200
1 418 -400
2 418 0
3 418 0
7 418 -400
8 418 0
9 418 0
418 418 1200
419 418 0
1 419 0
2 419 -400
3 419 0
7 419 0
8 419 -400
9 419 0
418 419 0
419 419 1200
1 420 -400
2 420 0
3 420 0
7 420 -400
8 420 0
9 420 0
420 420 1200
421 420 0
1 421 0
2 421 -400
3 421 0
7 421 0
8 421 -400
9 421 0
420 421 0
421 421 1200
1 422 -400
2 422 0
3 422 0
7 422 -400
8 422 0
9 422 0
422 422 1200
423 422 0
1 423 0
2 423 -400
3 423 0
7 423 0
8 423 -400
9 423 0
422 423 0
423 423 1200
1 424 -400
2 424 0
3 424 0
4 424 -400
5 424 0
6 424 0
7 424 -400
8 424 0
9 424 0
424 424 1600
425 424 0
1 425 0
2 425 -400
3 425 0
4 425 0
5 425 -400
6 425 0
7 425 0
8 425 -400
9 425 0
424 425 0
425 425 1600
1 426 -400
2 426 0
3 426 0
4 426 -400
5 426 0
6 426 0
7 426 -400
8 426 0
9 426 0
426 426 1600
427 426 0
1 427 0
2 427 -400
3 427 0
4 427 0
5 427 -400
6 427 0
7 427 0
8 427 -400
9 427 0
426 427 0
427 427 1600
1 428 -400
2 428 0
3 428 0
7 428 -400
8 428 0
9 428 0
428 428 1200
429 428 0
1 429 0
2 429 -400
3 429 0
7 429 0
8 429 -400
9 429 0
428 429 0
429 429 1200
1 430 -400
2 430 0
3 430 0
7 430 -400
8 430 0
9 430 0
430 430 1200
431 430 0
1 431 0
2 431 -400
3 431 0
7 431 0
8 431 -400
9 431 0
430 431 0
431 431 1200
1 432 -400
2 432 0
3 432 0
7 432 -400
8 432 0
9 432 0
432 432 1200
433 432 0
1 433 0
2 433 -400
3 433 0
7 433 0
8 433 -400
9 433 0
432 433 0
433 433 1200
1 434 -400
2 434 0
3 434 0
4 434 -400
5 434 0
6 434 0
7 434 -400
8 434 0
9 434 0
434 434 1600
435 434 0
1 435 0
2 435 -400
3 435 0
4 435 0
5 435 -400
6 435 0
7 435 0
8 435 -400
9 435 0
434 435 0
435 435 1600
1 436 -400
2 436 0
3 436 0
7 436 -400
8 436 0
9 436 0
436 436 1200
437 436 0
1 437 0
2 437 -400
3 437 0
7 437 0
8 437 -400
9 437 0
436 437 0
437 437 1200
1 438 -400
2 438 0
3 438 0
4 438 -400
5 438 0
6 438 0
7 438 -400
8 438 0
9 438 0
438 438 1600
439 438 0
1 439 0
2 439 -400
3 439 0
4 439 0
5 439 -400
6 439 0
7 439 0
8 439 -400
9 439 0
438 439 0
439 439 1600
1 440 -400
2 440 0
3 440 0
4 440 -400
5 440 0
6 440 0
7 440 -400
8 440 0
9 440 0
440 440 1600
441 440 0
1 441 0
2 441 -400
3 441 0
4 441 0
5 441 -400
6 441 0
7 441 0
8 441 -400
9 441 0
440 441 0
441 441 1600
1 442 -400
2 442 0
3 442 0
7 442 -400
8 442 0
9 442 0
442 442 1200
443 442 0
1 443 0
2 443 -400
3 443 0
7 443 0
8 443 -400
9 443 0
442 443 0
443 443 1200
1 444 -400
2 444 0
3 444 0
4 444 -400
5 444 0
6 444 0
7 444 -400
8 444 0
9 444 0
444 444 1600
445 444 0
1 445 0
2 445 -400
3 445 0
4 445 0
5 445 -400
6 445 0
7 445 0
8 445 -400
9 445 0
444 445 0
445 445 1600
1 446 -400
2 446 0
3 446 0
4 446 -400
5 446 0
6 446 0
7 446 -400
8 446 0
9 446 0
446 446 1600
447 446 0
1 447 0
2 447 -400
3 447 0
4 447 0
5 447 -400
6 447 0
7 447 0
8 447 -400
9 447 0
446 447 0
447 447 1600
1 448 -400
2 448 0
3 448 0
4 448 -400
5 448 0
6 448 0
7 448 -400
8 448 0
9 448 0
448 448 1600
449 448 0
1 449 0
2 449 -400
3 449 0
4 449 0
5 449 -400
6 449 0
7 449 0
8 449 -400
9 449 0
448 449 0
449 449 1600
1 450 -400
2 450 0
3 450 0
4 450 -400
5 450 0
6 450 0
7 450 -400
8 450 0
9 450 0
450 450 1600
451 450 0
1 451 0
2 451 -400
3 451 0
4 451 0
5 451 -400
6 451 0
7 451 0
8 451 -400
9 451 0
450 451 0
451 451 1600
1 452 -400
2 452 0
3 452 0
4 452 -400
5 452 0
6 452 0
7 452 -400
8 452 0
9 452 0
452 452 1600
453 452 0
1 453 0
2 453 -400
3 453 0
4 453 0
5 453 -400
6 453 0
7 453 0
8 453 -400
9 453 0
452 453 0
453 453 1600
1 454 -400
2 454 0
3 454 0
4 454 -400
5 454 0
6 454 0
7 454 -400
8 454 0
9 454 0
454 454 1600
455 454 0
1 455 0
2 455 -400
3 455 0
4 455 0
5 455 -400
6 455 0
7 455 0
8 455 -400
9 455 0
454 455 0
455 455 1600
1 456 -400
2 456 0
3 456 0
4 456 -400
5 456 0
6 456 0
7 456 -400
8 456 0
9 456 0
456 456 1600
457 456 0
1 457 0
2 457 -400
3 457 0
4 457 0
5 457 -400
6 457 0
7 457 0
8 457 -400
9 457 0
456 457 0
457 457 1600
1 458 -400
2 458 0
3 458 0
7 458 -400
8 458 0
9 458 0
458 458 1200
459 458 0
1 459 0
2 459 -400
3 459 0
7 459 0
8 459 -400
9 459 0
458 459 0
459 459 1200
1 460 -400
2 460 0
3 460 0
7 460 -400
8 460 0
9 460 0
460 460 1200
461 460 0
1 461 0
2 461 -400
3 461 0
7 461 0
8 461 -400
9 461 0
460 461 0
461 461 1200
1 462 -400
2 462 0
3 462 0
4 462 -400
5 462 0
6 462 0
7 462 -400
8 462 0
9 462 0
462 462 1600
463 462 0
1 463 0
2 463 -400
3 463 0
4 463 0
5 463 -400
6 463 0
7 463 0
8 463 -400
9 463 0
462 463 0
463 463 1600
1 464 -400
2 464 0
3 464 0
7 464 -400
8 464 0
9 464 0
464 464 1200
465 464 0
1 465 0
2 465 -400
3 465 0
7 465 0
8 465 -400
9 465 0
464 465 0
465 465 1200
1 466 -400
2 466 0
3 466 0
7 466 -400
8 466 0
9 466 0
466 466 1200
467 466 0
1 467 0
2 467 -400
3 467 0
7 467 0
8 467 -400
9 467 0
466 467 0
467 467 1200
1 468 -400
2 468 0
3 468 0
7 468 -400
8 468 0
9 468 0
468 468 1200
469 468 0
1 469 0
2 469 -400
3 469 0
7 469 0
8 469 -400
9 469 0
468 469 0
469 469 1200
1 470 -400
2 470 0
3 470 0
4 470 -400
5 470 0
6 470 0
7 470 -400
8 470 0
9 470 0
470 470 1600
471 470 0
1 471 0
2 471 -400
3 471 0
4 471 0
5 471 -400
6 471 0
7 471 0
8 471 -400
9 471 0
470 471 0
471 471 1600
1 472 -400
2 472 0
3 472 0
7 472 -400
8 472 0
9 472 0
472 472 1200
473 472 0
1 473 0
2 473 -400
3 473 0
7 473 0
8 473 -400
9 473 0
472 473 0
473 473 1200
1 474 -400
2 474 0
3 474 0
7 474 -400
8 474 0
9 474 0
474 474 1200
475 474 0
1 475 0
2 475 -400
3 475 0
7 475 0
8 475 -400
9 475 0
474 475 0
475 475 1200
1 476 -400
2 476 0
3 476 0
4 476 -400
5 476 0
6 476 0
7 476 -400
8 476 0
9 476 0
476 476 1600
477 476 0
1 477 0
2 477 -400
3 477 0
4 477 0
5 477 -400
6 477 0
7 477 0
8 477 -400
9 477 0
476 477 0
477 477 1600
1 478 -400
2 478 0
3 478 0
4 478 -400
5 478 0
6 478 0
478 478 800
479 478 0
1 479 0
2 479 -400
3 479 0
4 479 0
5 479 -400
6 479 0
478 479 0
479 479 800
1 480 -400
2 480 0
3 480 0
7 480 -800
8 480 0
9 480 0
480 480 1200
481 480 0
1 481 0
2 481 -400
3 481 0
7 481 0
8 481 -800
9 481 0
480 481 0
481 481 1200
1 482 -400
2 482 0
3 482 0
7 482 -800
8 482 0
9 482 0
482 482 1200
483 482 0
1 483 0
2 483 -400
3 483 0
7 483 0
8 483 -800
9 483 0
482 483 0
483 483 1200
1 484 -400
2 484 0
3 484 0
7 484 -400
8 484 0
9 484 0
484 484 800
485 484 0
1 485 0
2 485 -400
3 485 0
7 485 0
8 485 -400
9 485 0
484 485 0
485 485 800
1 486 -400
2 486 0
3 486 0
4 486 -400
5 486 0
6 486 0
7 486 -400
8 486 0
9 486 0
486 486 1200
487 486 0
1 487 0
2 487 -400
3 487 0
4 487 0
5 487 -400
6 487 0
7 487 0
8 487 -400
9 487 0
486 487 0
487 487 1200
1 488 -400
2 488 0
3 488 0
488 488 400
489 488 0
1 489 0
2 489 -400
3 489 0
488 489 0
489 489 400
1 490 -400
2 490 0
3 490 0
7 490 -400
8 490 0
9 490 0
490 490 800
491 490 0
1 491 0
2 491 -400
3 491 0
7 491 0
8 491 -400
9 491 0
490 491 0
491 491 800
1 492 -400
2 492 0
3 492 0
4 492 -400
5 492 0
6 492 0
7 492 -400
8 492 0
9 492 0
492 492 1200
493 492 0
1 493 0
2 493 -400
3 493 0
4 493 0
5 493 -400
6 493 0
7 493 0
8 493 -400
9 493 0
492 493 0
493 493 1200
4 494 -400
5 494 0
6 494 0
7 494 -400
8 494 0
9 494 0
494 494 800
495 494 0
4 495 0
5 495 -400
6 495 0
7 495 0
8 495 -400
9 495 0
494 495 0
495 495 800
4 496 -400
5 496 0
6 496 0
7 496 -400
8 496 0
9 496 0
496 496 800
497 496 0
4 497 0
5 497 -400
6 497 0
7 497 0
8 497 -400
9 497 0
496 497 0
497 497 800
4 498 -800
5 498 0
6 498 0
498 498 800
499 498 0
4 499 0
5 499 -800
6 499 0
498 499 0
499 499 800
4 500 -400
5 500 0
6 500 0
500 500 400
501 500 0
4 501 0
5 501 -400
6 501 0
500 501 0
501 501 400
4 502 -400
5 502 0
6 502 0
7 502 -400
8 502 0
9 502 0
502 502 800
503 502 0
4 503 0
5 503 -400
6 503 0
7 503 0
8 503 -400
9 503 0
502 503 0
503 503 800
4 504 -400
5 504 0
6 504 0
7 504 -400
8 504 0
9 504 0
504 504 800
505 504 0
4 505 0
5 505 -400
6 505 0
7 505 0
8 505 -400
9 505 0
504 505 0
505 505 800
4 506 -400
5 506 0
6 506 0
7 506 -400
8 506 0
9 506 0
506 506 800
507 506 0
4 507 0
5 507 -400
6 507 0
7 507 0
8 507 -400
9 507 0
506 507 0
507 507 800
7 508 -400
8 508 0
9 508 0
508 508 400
509 508 0
7 509 0
8 509 -400
9 509 0
508 509 0
509 509 400
7 510 -400
8 510 0
9 510 0
510 510 400
511 510 0
7 511 0
8 511 -400
9 511 0
510 511 0
511 511 400
4 512 -800
5 512 0
6 512 0
512 512 800
513 512 0
4 513 0
5 513 -800
6 513 0
512 513 0
513 513 800
4 514 -800
5 514 0
6 514 0
514 514 800
515 514 0
4 515 0
5 515 -800
6 515 0
514 515 0
515 515 800
7 516 -400
8 516 0
9 516 0
516 516 400
517 516 0
7 517 0
8 517 -400
9 517 0
516 517 0
517 517 400
4 518 -800
5 518 0
6 518 0
7 518 -800
8 518 0
9 518 0
518 518 1600
519 518 0
4 519 0
5 519 -800
6 519 0
7 519 0
8 519 -800
9 519 0
518 519 0
519 519 1600
4 520 -400
5 520 0
6 520 0
7 520 -400
8 520 0
9 520 0
520 520 800
521 520 0
4 521 0
5 521 -400
6 521 0
7 521 0
8 521 -400
9 521 0
520 521 0
521 521 800
4 522 -400
5 522 0
6 522 0
7 522 -400
8 522 0
9 522 0
522 522 800
523 522 0
4 523 0
5 523 -400
6 523 0
7 523 0
8 523 -400
9 523 0
522 523 0
523 523 800
4 524 -400
5 524 0
6 524 0
7 524 -400
8 524 0
9 524 0
524 524 800
525 524 0
4 525 0
5 525 -400
6 525 0
7 525 0
8 525 -400
9 525 0
524 525 0
525 525 800
7 526 -400
8 526 0
9 526 0
526 526 400
527 526 0
7 527 0
8 527 -400
9 527 0
526 527 0
527 527 400
7 528 -400
8 528 0
9 528 0
528 528 400
529 528 0
7 529 0
8 529 -400
9 529 0
528 529 0
529 529 400
7 530 -400
8 530 0
9 530 0
530 530 400
531 530 0
7 531 0
8 531 -400
9 531 0
530 531 0
531 531 400
4 532 -400
5 532 0
6 532 0
532 532 400
533 532 0
4 533 0
5 533 -400
6 533 0
532 533 0
533 533 400
7 534 -400
8 534 0
9 534 0
534 534 400
535 534 0
7 535 0
8 535 -400
9 535 0
534 535 0
535 535 400
7 536 -400
8 536 0
9 536 0
536 536 400
537 536 0
7 537 0
8 537 -400
9 537 0
536 537 0
537 537 400
7 538 -400
8 538 0
9 538 0
538 538 400
539 538 0
7 539 0
8 539 -400
9 539 0
538 539 0
539 539 400
4 540 -400
5 540 0
6 540 0
540 540 400
541 540 0
4 541 0
5 541 -400
6 541 0
540 541 0
541 541 400
4 542 -400
5 542 0
6 542 0
7 542 -400
8 542 0
9 542 0
542 542 800
543 542 0
4 543 0
5 543 -400
6 543 0
7 543 0
8 543 -400
9 543 0
542 543 0
543 543 800
4 544 -400
5 544 0
6 544 0
7 544 -400
8 544 0
9 544 0
544 544 800
545 544 0
4 545 0
5 545 -400
6 545 0
7 545 0
8 545 -400
9 545 0
544 545 0
545 545 800
4 546 -400
5 546 0
6 546 0
7 546 -400
8 546 0
9 546 0
546 546 800
547 546 0
4 547 0
5 547 -400
6 547 0
7 547 0
8 547 -400
9 547 0
546 547 0
547 547 800
4 548 -400
5 548 0
6 548 0
7 548 -400
8 548 0
9 548 0
548 548 800
549 548 0
4 549 0
5 549 -400
6 549 0
7 549 0
8 549 -400
9 549 0
548 549 0
549 549 800
7 550 -400
8 550 0
9 550 0
550 550 400
551 550 0
7 551 0
8 551 -400
9 551 0
550 551 0
551 551 400
7 552 -400
8 552 0
9 552 0
552 552 400
553 552 0
7 553 0
8 553 -400
9 553 0
552 553 0
553 553 400
7 554 -400
8 554 0
9 554 0
554 554 400
555 554 0
7 555 0
8 555 -400
9 555 0
554 555 0
555 555 400
7 556 -400
8 556 0
9 556 0
556 556 400
557 556 0
7 557 0
8 557 -400
9 557 0
556 557 0
557 557 400
7 558 -400
8 558 0
9 558 0
558 558 400
559 558 0
7 559 0
8 559 -400
9 559 0
558 559 0
559 559 400
7 560 -400
8 560 0
9 560 0
560 560 400
561 560 0
7 561 0
8 561 -400
9 561 0
560 561 0
561 561 400
7 562 -400
8 562 0
9 562 0
562 562 400
563 562 0
7 563 0
8 563 -400
9 563 0
562 563 0
563 563 400
7 564 -400
8 564 0
9 564 0
564 564 400
565 564 0
7 565 0
8 565 -400
9 565 0
564 565 0
565 565 400
7 566 -400
8 566 0
9 566 0
566 566 400
567 566 0
7 567 0
8 567 -400
9 567 0
566 567 0
567 567 400
7 568 -400
8 568 0
9 568 0
568 568 400
569 568 0
7 569 0
8 569 -400
9 569 0
568 569 0
569 569 400
7 570 -400
8 570 0
9 570 0
570 570 400
571 570 0
7 571 0
8 571 -400
9 571 0
570 571 0
571 571 400
