[133, 3]
[163, 3]
[166, 3]
[316, 3]
[353, 3]
[357, 3]
[361, 3]
[363, 3]
[481, 3]
[580, 3]
[321, 4]
[422, 4]
[430, 4]
[473, 4]
[485, 4]
[492, 4]
[494, 4]
[499, 4]
[567, 4]
[572, 4]
[583, 4]
[405, 5]
[519, 5]
[545, 5]
[168, 6]
[324, 6]
[362, 6]
[364, 6]
[370, 6]
[429, 6]
[434, 6]
[476, 6]
[526, 6]
[540, 6]
[564, 6]
[576, 6]
[423, 7]
[457, 7]
[569, 7]
[578, 7]
[280, 8]
[282, 8]
[324, 8]
[330, 8]
[366, 8]
[374, 8]
[383, 8]
[438, 8]
[466, 8]
[470, 8]
[478, 8]
[480, 8]
[482, 8]
[565, 8]
[398, 9]
[434, 9]
[582, 9]
[134, 10]
[286, 10]
[378, 10]
[382, 10]
[384, 10]
[459, 10]
[464, 10]
[474, 10]
[476, 10]
[527, 10]
[576, 10]
[578, 10]
[373, 11]
[423, 11]
[443, 11]
[355, 12]
[370, 12]
[440, 12]
[464, 12]
[468, 12]
[472, 12]
[486, 12]
[550, 12]
[578, 12]
[592, 12]
[327, 13]
[376, 13]
[383, 13]
[429, 13]
[454, 13]
[456, 13]
[461, 13]
[489, 13]
[530, 13]
[134, 14]
[318, 14]
[320, 14]
[380, 14]
[444, 14]
[452, 14]
[492, 14]
[510, 14]
[423, 15]
[450, 15]
[518, 15]
[562, 15]
[300, 16]
[322, 16]
[330, 16]
[332, 16]
[350, 16]
[384, 16]
[458, 16]
[491, 16]
[513, 16]
[554, 16]
[169, 17]
[382, 17]
[461, 17]
[497, 17]
[212, 18]
[312, 18]
[348, 18]
[356, 18]
[361, 18]
[369, 18]
[426, 18]
[500, 18]
[510, 18]
[514, 18]
[626, 18]
[169, 19]
[323, 19]
[383, 19]
[547, 19]
[208, 20]
[500, 20]
[506, 20]
[565, 20]
[632, 20]
[219, 21]
[333, 21]
[423, 21]
[321, 22]
[342, 22]
[366, 22]
[433, 22]
[483, 22]
[503, 22]
[507, 22]
[587, 22]
[594, 22]
[596, 22]
[612, 22]
[625, 22]
[347, 23]
[353, 23]
[359, 23]
[525, 23]
[546, 23]
[619, 23]
[136, 24]
[228, 24]
[327, 24]
[350, 24]
[364, 24]
[371, 24]
[376, 24]
[438, 24]
[468, 24]
[473, 24]
[527, 24]
[612, 24]
[614, 24]
[231, 25]
[329, 25]
[357, 25]
[476, 25]
[485, 25]
[597, 25]
[609, 25]
[370, 26]
[374, 26]
[410, 26]
[442, 26]
[468, 26]
[482, 26]
[490, 26]
[508, 26]
[528, 26]
[559, 26]
[566, 26]
[588, 26]
[600, 26]
[602, 26]
[614, 26]
[209, 27]
[474, 27]
[523, 27]
[597, 27]
[609, 27]
[352, 28]
[374, 28]
[382, 28]
[446, 28]
[484, 28]
[516, 28]
[528, 28]
[530, 28]
[554, 28]
[559, 28]
[602, 28]
[481, 29]
[489, 29]
[557, 29]
[561, 29]
[567, 29]
[587, 29]
[85, 30]
[359, 30]
[365, 30]
[431, 30]
[435, 30]
[450, 30]
[498, 30]
[538, 30]
[380, 31]
[485, 31]
[494, 31]
[496, 31]
[527, 31]
[533, 31]
[571, 31]
[577, 31]
[384, 32]
[439, 32]
[508, 32]
[524, 32]
[537, 32]
[558, 32]
[566, 32]
[582, 32]
[13, 33]
[351, 33]
[354, 33]
[495, 33]
[561, 33]
[360, 34]
[372, 34]
[433, 34]
[444, 34]
[460, 34]
[547, 34]
[554, 34]
[616, 34]
[27, 35]
[383, 35]
[439, 35]
[493, 35]
[495, 35]
[529, 35]
[545, 35]
[561, 35]
[605, 35]
[38, 36]
[437, 36]
[445, 36]
[449, 36]
[508, 36]
[535, 36]
[538, 36]
[552, 36]
[572, 36]
[580, 36]
[381, 37]
[433, 37]
[48, 38]
[444, 38]
[454, 38]
[480, 38]
[491, 38]
[498, 38]
[501, 38]
[524, 38]
[527, 38]
[529, 38]
[538, 38]
[540, 38]
[542, 38]
[578, 38]
[580, 38]
[586, 38]
[438, 39]
[506, 39]
[534, 39]
[606, 39]
[276, 40]
[447, 40]
[500, 40]
[526, 40]
[528, 40]
[532, 40]
[568, 40]
[609, 40]
[279, 41]
[357, 41]
[363, 41]
[442, 41]
[459, 41]
[503, 41]
[505, 41]
[523, 41]
[579, 41]
[446, 42]
[451, 42]
[454, 42]
[463, 42]
[518, 42]
[545, 42]
[558, 42]
[584, 42]
[383, 43]
[512, 43]
[541, 43]
[555, 43]
[627, 43]
[362, 44]
[366, 44]
[375, 44]
[434, 44]
[528, 44]
[545, 44]
[549, 44]
[606, 44]
[608, 44]
[634, 44]
[281, 45]
[373, 45]
[458, 45]
[461, 45]
[519, 45]
[539, 45]
[575, 45]
[585, 45]
[362, 46]
[375, 46]
[381, 46]
[508, 46]
[527, 46]
[532, 46]
[567, 46]
[579, 46]
[582, 46]
[543, 47]
[561, 47]
[571, 47]
[585, 47]
[591, 47]
[597, 47]
[376, 48]
[478, 48]
[587, 48]
[269, 49]
[475, 49]
[521, 49]
[382, 50]
[434, 50]
[465, 50]
[472, 50]
[481, 50]
[492, 50]
[502, 50]
[554, 50]
[561, 50]
[626, 50]
[367, 51]
[468, 51]
[537, 51]
[565, 51]
[581, 51]
[437, 52]
[477, 52]
[482, 52]
[503, 52]
[514, 52]
[540, 52]
[542, 52]
[551, 52]
[557, 52]
[562, 52]
[584, 52]
[213, 53]
[349, 53]
[471, 53]
[475, 53]
[499, 53]
[633, 53]
[376, 54]
[436, 54]
[443, 54]
[453, 54]
[464, 54]
[469, 54]
[488, 54]
[511, 54]
[550, 54]
[558, 54]
[568, 54]
[179, 55]
[381, 55]
[466, 55]
[485, 55]
[495, 55]
[525, 55]
[528, 55]
[543, 55]
[288, 56]
[319, 56]
[326, 56]
[432, 56]
[457, 56]
[462, 56]
[464, 56]
[469, 56]
[471, 56]
[478, 56]
[516, 56]
[576, 56]
[586, 56]
[590, 56]
[435, 57]
[449, 57]
[451, 57]
[531, 57]
[534, 57]
[549, 57]
[325, 58]
[365, 58]
[368, 58]
[370, 58]
[372, 58]
[374, 58]
[457, 58]
[463, 58]
[472, 58]
[474, 58]
[476, 58]
[478, 58]
[514, 58]
[519, 58]
[522, 58]
[544, 58]
[323, 59]
[381, 59]
[455, 59]
[491, 59]
[495, 59]
[505, 59]
[525, 59]
[541, 59]
[593, 59]
[314, 60]
[432, 60]
[461, 60]
[463, 60]
[486, 60]
[501, 60]
[518, 60]
[533, 60]
[289, 61]
[367, 61]
[369, 61]
[371, 61]
[373, 61]
[457, 61]
[459, 61]
[507, 61]
[513, 61]
[573, 61]
[436, 62]
[442, 62]
[474, 62]
[478, 62]
[480, 62]
[482, 62]
[484, 62]
[486, 62]
[528, 62]
[450, 63]
[499, 63]
[502, 63]
[519, 63]
[522, 63]
[230, 64]
[441, 64]
[464, 64]
[470, 64]
[484, 64]
[486, 64]
[488, 64]
[494, 64]
[509, 64]
[429, 65]
[461, 65]
[479, 65]
[481, 65]
[367, 66]
[432, 66]
[455, 66]
[476, 66]
[514, 66]
[315, 67]
[437, 67]
[467, 67]
[489, 67]
[496, 67]
[245, 68]
[444, 68]
[452, 68]
[454, 68]
[460, 68]
[462, 68]
[484, 68]
[486, 68]
[502, 68]
[534, 68]
[523, 69]
[529, 69]
[316, 70]
[367, 70]
[426, 70]
[430, 70]
[440, 70]
[448, 70]
[468, 70]
[470, 70]
[472, 70]
[500, 70]
[502, 70]
[11, 71]
[505, 71]
[537, 71]
[401, 72]
[432, 72]
[459, 72]
[522, 72]
[528, 72]
[19, 73]
[367, 73]
[455, 73]
[457, 73]
[473, 73]
[571, 73]
[420, 74]
[429, 74]
[443, 74]
[459, 74]
[461, 74]
[476, 74]
[502, 74]
[529, 74]
[273, 75]
[288, 75]
[496, 75]
[277, 76]
[467, 76]
[486, 76]
[488, 76]
[502, 76]
[504, 76]
[355, 77]
[367, 77]
[8, 78]
[474, 78]
[494, 78]
[536, 78]
[17, 79]
[331, 79]
[20, 80]
[24, 80]
[384, 80]
[494, 80]
[247, 81]
[441, 81]
[455, 81]
[479, 81]
[468, 82]
[476, 82]
[496, 82]
[213, 83]
[471, 83]
[372, 84]
[529, 84]
[532, 84]
[297, 85]
[302, 85]
[314, 85]
[453, 85]
[461, 85]
[490, 85]
[495, 85]
[537, 85]
[464, 86]
[480, 86]
[487, 86]
[530, 86]
[461, 87]
[483, 87]
[86, 88]
[88, 88]
[324, 88]
[326, 88]
[454, 88]
[470, 88]
[472, 88]
[493, 88]
[496, 88]
[498, 88]
[524, 88]
[475, 89]
[533, 89]
[565, 89]
[462, 90]
[478, 90]
[498, 90]
[466, 91]
[495, 91]
[561, 91]
[314, 92]
[484, 92]
[498, 92]
[558, 93]
[487, 94]
[524, 94]
[494, 96]
[498, 96]
[271, 97]
[250, 98]
[406, 98]
[493, 99]
[561, 99]
[250, 100]
[271, 100]
[498, 100]
[527, 100]
[532, 100]
[315, 101]
[206, 102]
[250, 102]
[446, 102]
[449, 102]
[535, 102]
[556, 102]
[559, 102]
[406, 104]
[444, 104]
[498, 104]
[83, 105]
[493, 105]
[511, 105]
[527, 105]
[532, 105]
[232, 106]
[300, 106]
[498, 106]
[500, 106]
[552, 106]
[521, 107]
[521, 109]
[255, 110]
[260, 110]
[225, 111]
[507, 111]
[511, 111]
[222, 112]
[521, 112]
[507, 113]
[278, 114]
[500, 114]
[507, 115]
[475, 116]
[500, 116]
[527, 116]
[530, 116]
[532, 116]
[574, 116]
[576, 116]
[578, 116]
[600, 116]
[602, 116]
[604, 116]
[606, 116]
[487, 118]
[500, 118]
[520, 118]
[534, 118]
[575, 118]
[578, 118]
[580, 118]
[497, 119]
[573, 119]
[314, 120]
[490, 120]
[500, 120]
[530, 120]
[550, 120]
[582, 120]
[493, 121]
[519, 121]
[527, 121]
[577, 121]
[500, 122]
[502, 122]
[514, 122]
[594, 122]
[493, 123]
[497, 123]
[532, 123]
[502, 124]
[512, 124]
[530, 124]
[536, 124]
[611, 124]
[327, 125]
[581, 125]
[609, 125]
[486, 126]
[502, 126]
[526, 127]
[529, 127]
[537, 127]
[280, 128]
[502, 128]
[516, 128]
[534, 128]
[594, 128]
[606, 128]
[537, 129]
[527, 130]
[604, 130]
[517, 131]
[410, 132]
[507, 132]
[612, 132]
[499, 133]
[338, 134]
[28, 136]
[338, 136]
[398, 136]
[517, 136]
[575, 136]
[599, 136]
[609, 136]
[499, 137]
[501, 137]
[505, 137]
[521, 138]
[526, 138]
[187, 139]
[381, 139]
[575, 139]
[526, 140]
[528, 140]
[530, 140]
[578, 140]
[251, 141]
[514, 141]
[381, 142]
[520, 142]
[528, 142]
[604, 142]
[608, 142]
[184, 144]
[540, 144]
[528, 145]
[340, 146]
[515, 147]
[540, 148]
[576, 148]
[579, 149]
[516, 150]
[518, 150]
[527, 150]
[279, 151]
[521, 151]
[577, 151]
[579, 151]
[526, 152]
[533, 152]
[536, 152]
[571, 152]
[37, 153]
[503, 153]
[511, 153]
[66, 154]
[272, 154]
[274, 154]
[578, 154]
[71, 155]
[283, 155]
[534, 155]
[302, 156]
[498, 156]
[61, 157]
[311, 157]
[607, 157]
[328, 158]
[498, 158]
[500, 158]
[624, 158]
[61, 160]
[310, 160]
[498, 160]
[500, 160]
[546, 160]
[495, 161]
[601, 161]
[4, 162]
[280, 162]
[498, 162]
[500, 162]
[538, 162]
[628, 162]
[8, 164]
[498, 164]
[500, 164]
[90, 166]
[498, 166]
[500, 166]
[505, 166]
[596, 166]
[281, 167]
[495, 167]
[6, 168]
[30, 168]
[32, 168]
[34, 168]
[36, 168]
[498, 168]
[500, 168]
[510, 168]
[10, 170]
[46, 170]
[60, 170]
[88, 170]
[90, 170]
[92, 170]
[376, 170]
[459, 170]
[3, 171]
[28, 172]
[97, 173]
[629, 173]
[498, 174]
[618, 174]
[620, 174]
[633, 174]
[636, 174]
[33, 175]
[500, 176]
[616, 176]
[624, 176]
[626, 176]
[621, 177]
[310, 178]
[494, 178]
[500, 178]
[635, 179]
[34, 180]
[494, 180]
[500, 180]
[616, 180]
[622, 180]
[630, 180]
[283, 181]
[497, 181]
[577, 181]
[625, 181]
[636, 181]
[98, 182]
[494, 182]
[568, 182]
[614, 182]
[616, 182]
[630, 182]
[497, 183]
[621, 183]
[627, 183]
[494, 184]
[500, 184]
[564, 184]
[631, 184]
[635, 184]
[109, 185]
[497, 185]
[617, 185]
[625, 185]
[627, 185]
[629, 185]
[27, 186]
[68, 186]
[74, 186]
[494, 186]
[500, 186]
[503, 186]
[538, 186]
[546, 186]
[623, 186]
[632, 186]
[636, 186]
[101, 187]
[281, 187]
[511, 187]
[561, 187]
[613, 187]
[615, 187]
[617, 187]
[627, 187]
[428, 188]
[530, 188]
[542, 188]
[625, 189]
[631, 189]
[38, 190]
[233, 190]
[270, 190]
[272, 190]
[500, 190]
[510, 190]
[516, 190]
[526, 190]
[533, 190]
[537, 190]
[544, 190]
[546, 190]
[558, 190]
[594, 190]
[621, 190]
[519, 191]
[614, 191]
[631, 191]
[635, 191]
[98, 192]
[306, 192]
[512, 192]
[558, 192]
[560, 192]
[235, 193]
[497, 193]
[521, 193]
[553, 193]
[160, 194]
[184, 194]
[486, 194]
[490, 194]
[515, 194]
[526, 194]
[532, 194]
[542, 194]
[550, 194]
[594, 194]
[598, 194]
[621, 194]
[631, 194]
[633, 194]
[494, 195]
[503, 195]
[505, 195]
[507, 195]
[562, 195]
[613, 195]
[626, 195]
[98, 196]
[515, 196]
[520, 196]
[528, 196]
[530, 196]
[542, 196]
[547, 196]
[556, 196]
[598, 196]
[600, 196]
[602, 196]
[633, 196]
[509, 197]
[525, 197]
[533, 197]
[535, 197]
[553, 197]
[614, 197]
[621, 197]
[629, 197]
[635, 197]
[62, 198]
[505, 198]
[548, 198]
[604, 198]
[488, 199]
[493, 199]
[539, 199]
[561, 199]
[595, 199]
[613, 199]
[636, 199]
[308, 200]
[468, 200]
[474, 200]
[484, 200]
[520, 200]
[600, 200]
[604, 200]
[620, 200]
[235, 201]
[423, 201]
[495, 201]
[499, 201]
[501, 201]
[503, 201]
[505, 201]
[530, 201]
[542, 201]
[622, 201]
[308, 202]
[512, 202]
[532, 202]
[534, 202]
[550, 202]
[599, 202]
[489, 203]
[527, 203]
[561, 203]
[575, 203]
[603, 203]
[619, 203]
[418, 204]
[422, 204]
[424, 204]
[444, 204]
[454, 204]
[484, 204]
[530, 204]
[616, 204]
[441, 205]
[523, 205]
[532, 205]
[534, 205]
[542, 205]
[590, 205]
[593, 205]
[466, 206]
[468, 206]
[261, 207]
[479, 207]
[537, 207]
[593, 207]
[610, 207]
[426, 208]
[442, 208]
[470, 208]
[521, 209]
[424, 210]
[426, 210]
[430, 210]
[442, 210]
[446, 210]
[448, 210]
[524, 210]
[538, 210]
[574, 210]
[533, 211]
[436, 212]
[440, 212]
[480, 212]
[522, 212]
[237, 213]
[443, 213]
[535, 213]
[310, 214]
[468, 214]
[470, 214]
[474, 214]
[93, 215]
[38, 216]
[74, 216]
[444, 216]
[452, 216]
[454, 216]
[476, 216]
[612, 216]
[103, 217]
[199, 217]
[523, 217]
[607, 217]
[52, 218]
[433, 218]
[439, 218]
[448, 218]
[539, 218]
[263, 219]
[473, 219]
[483, 219]
[526, 219]
[34, 220]
[432, 220]
[434, 220]
[480, 220]
[608, 220]
[41, 221]
[423, 221]
[457, 221]
[477, 221]
[521, 221]
[531, 221]
[342, 222]
[442, 222]
[480, 222]
[492, 222]
[614, 222]
[476, 223]
[499, 223]
[322, 224]
[324, 224]
[478, 224]
[480, 224]
[610, 224]
[533, 225]
[98, 226]
[558, 226]
[562, 226]
[201, 227]
[398, 228]
[325, 229]
[90, 230]
[478, 230]
[532, 230]
[285, 231]
[333, 231]
[455, 231]
[248, 232]
[276, 232]
[318, 232]
[464, 232]
[466, 232]
[472, 232]
[475, 232]
[510, 232]
[524, 232]
[74, 233]
[452, 233]
[587, 233]
[226, 234]
[229, 234]
[338, 234]
[432, 234]
[291, 235]
[168, 236]
[241, 236]
[451, 236]
[231, 237]
[291, 237]
[441, 237]
[485, 237]
[181, 238]
[190, 238]
[192, 238]
[482, 238]
[213, 239]
[291, 239]
[451, 239]
[172, 240]
[442, 240]
[189, 241]
[241, 241]
[319, 241]
[572, 244]
[397, 245]
[484, 246]
[624, 248]
[626, 248]
[635, 248]
[409, 249]
[449, 252]
[488, 252]
[600, 252]
[481, 253]
[321, 255]
[375, 255]
[336, 256]
[424, 256]
[444, 256]
[329, 258]
[479, 258]
[239, 259]
[421, 259]
[431, 259]
[433, 259]
[449, 259]
[309, 262]
[422, 263]
[487, 263]
[98, 264]
[103, 264]
[274, 264]
[88, 266]
[91, 266]
[94, 266]
[286, 266]
[289, 266]
[446, 266]
[530, 266]
[299, 267]
[279, 268]
[296, 268]
[356, 268]
[470, 268]
[574, 268]
[576, 268]
[451, 269]
[579, 269]
[558, 270]
[572, 270]
[584, 270]
[241, 271]
[343, 271]
[487, 271]
[62, 272]
[41, 273]
[50, 274]
[52, 274]
[116, 274]
[246, 274]
[34, 276]
[106, 276]
[446, 276]
[228, 278]
[31, 279]
[107, 279]
[94, 280]
[221, 280]
[302, 280]
[97, 281]
[247, 282]
[450, 282]
[87, 283]
[272, 284]
[77, 285]
[355, 289]
[210, 290]
[249, 293]
[303, 293]
[334, 294]
[442, 294]
[444, 294]
[489, 294]
[331, 295]
[307, 297]
[319, 297]
[447, 297]
[177, 298]
[313, 298]
[274, 300]
[313, 301]
[300, 302]
[343, 304]
[400, 304]
[409, 304]
[478, 304]
[287, 308]
[400, 310]
[506, 314]
[376, 318]
[253, 319]
[231, 325]
[220, 326]
[339, 329]
[207, 333]
[193, 337]
[372, 340]
[373, 344]
[395, 345]
[369, 347]
[284, 348]
[395, 348]
[289, 349]
[371, 353]
[361, 354]
[351, 355]
[407, 358]
[406, 360]
[335, 367]
[106, 370]
[229, 370]
[226, 371]
[229, 373]
[302, 385]
[107, 410]
[87, 420]
[64, 433]
[564, 434]
[50, 436]
[359, 437]
[46, 438]
[52, 438]
[538, 440]
[52, 442]
[164, 448]
[435, 449]
[432, 452]
[443, 453]
[453, 453]
[482, 453]
[120, 454]
[138, 454]
[153, 454]
[253, 455]
[439, 455]
[319, 457]
[452, 458]
[504, 458]
[100, 462]
[102, 462]
[104, 462]
[630, 464]
[251, 467]
[444, 467]
[496, 470]
[44, 472]
[52, 472]
[54, 472]
[504, 472]
[458, 473]
[306, 474]
[467, 474]
[458, 476]
