[0, -0, 0]
[0, -0, 0]
[-0, -0, 0]
[0, -0, 0]
[-0, -0, 0]
[0, -0, 0]
[0, -0, 0]
[-0, -0, 0]
[0, -0, 0]
[0, -0, 0]
[-0, -0, 0]
[-0, -0, 0]
[0, -0, 0]
[-0, -0, 0]
[-0, -0, 0]
[-0, -0, 0]
[-0, -0, 0]
[-3.42859, -3.04075, 7.2306]
[-3.42859, -3.04075, 7.2306]
[0, -0, 0]
[0, -0, 0]
[0, -0, 0]
[0, -0, 0]
[-3.45821, -2.89801, 7.2306]
[0.239431, -0.576742, 1.4612]
[-0.0234369, -0.500751, 1.2706]
[-0.0234369, -0.500751, 1.2706]
[0, -0, 0]
[-1.72955, -3.19864, 8.1862]
[0, -0, 0]
[0, -0, 0]
[-1.90522, -3.15346, 8.1862]
[0, -0, 0]
[0, -0, 0]
[0, -0, 0]
[-3.47741, -2.75276, 7.3738]
[-3.47741, -2.75276, 7.3738]
[0, -0, 0]
[-2.71026, -2.9058, 7.8408]
[-2.4805, -2.83988, 7.8408]
[-0, -0, 0]
[-2.55529, -2.80977, 8.0096]
[0.159089, -0.46371, 1.3998]
[0.597447, -0.55078, 1.7172]
[-0, -0, 0]
[-0, -0, 0]
[-2.57062, -2.46003, 7.8408]
[-1.81106, -2.51072, 8.0096]
[-2.24474, -2.61177, 8.3702]
[-0, -0, 0]
[-0, -0, 0]
[-0, -0, 0]
[0.164721, -0.413966, 1.3998]
[-3.49755, -2.10128, 7.5232]
[-3.49755, -2.10128, 7.5232]
[-0, -0, 0]
[0.426024, -0.419268, 1.5924]
[0.441691, -0.420436, 1.6052]
[0.441691, -0.420436, 1.6052]
[-0.102281, -0.301251, 1.205]
[-0, -0, 0]
[-2.72799, -2.00653, 8.1862]
[0.537645, -0.404095, 1.6484]
[-2.05213, -1.8056, 7.8408]
[-2.08099, -1.76876, 8.0096]
[-2.61666, -1.62905, 7.6794]
[-2.02475, -1.69474, 8.0096]
[-2.06411, -1.69137, 8.0096]
[0.189974, -0.287229, 1.416]
[-2.00132, -1.61351, 8.0096]
[-0, -0, 0]
[-2.7069, -1.53757, 7.8408]
[0.566298, -0.32355, 1.671]
[0.726862, -0.342368, 1.7828]
[-1.99252, -1.53229, 8.0096]
[-2.88269, -1.37988, 7.3738]
[-3.12802, -1.42441, 7.6794]
[-0, -0, 0]
[-0, -0, 0]
[-0, -0, 0]
[-0, -0, 0]
[-1.25349, -1.52966, 8.5638]
[-0, -0, 0]
[-0, -0, 0]
[-3.06605, -1.32463, 7.5232]
[-1.96107, -1.40831, 8.0096]
[-2.86294, -1.30064, 7.5232]
[-1.28537, -1.47379, 8.765]
[-1.28537, -1.47379, 8.765]
[-1.3651, -1.41279, 8.5638]
[-2.7687, -1.20774, 7.3738]
[-0.681542, -0.312893, 1.9314]
[-0, -0, 0]
[-0, -0, 0]
[-0, -0, 0]
[-2.46637, -1.43732, 8.977]
[-0.281028, -0.181693, 1.1416]
[-0, -0, 0]
[-0, -0, 0]
[-3.43347, -1.18213, 7.5232]
[-0, -0, 0]
[-0.184729, -0.17484, 1.1146]
[-1.27235, -1.35748, 8.5638]
[-0.307809, -0.178963, 1.163]
[0.200391, -0.13679, 1.3998]
[-0.0780466, -0.0975389, 1.1932]
[0, -0, 0]
[0, -0, 0]
[-0.120851, -0.0916452, 1.205]
[-0.120851, -0.0916452, 1.205]
[0, -0, 0]
[-0.17738, -0.083186, 1.135]
[-0.17738, -0.083186, 1.135]
[0, -0, 0]
[-0.202752, -0.0748516, 1.1114]
[0.672266, -0.115079, 1.7494]
[-0.0737593, -0.0602109, 1.1932]
[0, -0, 0]
[0, -0, 0]
[1.87936, -0.0679815, 3.428]
[1.87936, -0.0679815, 3.428]
[0, -0, 0]
[0, -0, 0]
[0, 0, 0]
[-0, 0, 0]
[-0, 0, 0]
[-0, 0, 0]
[-0.173881, 0.0241507, 1.1556]
[0, 0, 0]
[-0, 0, 0]
[-0, 0, 0]
[-0, 0, 0]
[1.73035, 0.127211, 3.2204]
[-0.151104, 0.0519407, 1.1814]
[-0, 0, 0]
[-0, 0, 0]
[-0, 0, 0]
[0, 0, 0]
[0.639789, 0.130601, 1.6936]
[0.451855, 0.150712, 1.5654]
[-0.218323, 0.122241, 1.135]
[0.2879, 0.165898, 1.4374]
[-0.219091, 0.176165, 1.1416]
[0.796641, 0.274262, 1.572]
[-0.0438509, 0.211698, 1.1888]
[0.743949, 0.281825, 1.572]
[0.789721, 0.288203, 1.559]
[0.737534, 0.310723, 1.572]
[0.737534, 0.310723, 1.572]
[0.720264, 0.358959, 1.7172]
[0.869399, 0.364477, 1.7248]
[0.649243, 0.370085, 1.6784]
[0.632641, 0.370977, 1.6634]
[0.505614, 0.38241, 1.5654]
[0.470348, 0.382149, 1.5526]
[0.479397, 0.38716, 1.5526]
[0.446911, 0.383477, 1.5332]
[0.447177, 0.391133, 1.5332]
[0.428268, 0.3938, 1.5202]
[0.408969, 0.393959, 1.502]
[0.386886, 0.395585, 1.4838]
[0.333199, 0.402766, 1.4492]
[0.313022, 0.403732, 1.432]
[0.262435, 0.408835, 1.3944]
[0.243502, 0.410103, 1.3794]
[0.178979, 0.408929, 1.3298]
[0.196375, 0.416552, 1.3492]
[0.178695, 0.415926, 1.3298]
[0.133715, 0.419079, 1.2932]
[-0.0383773, 0.401531, 1.205]
[0.0904331, 0.425205, 1.2664]
[-0.0245133, 0.429762, 1.1932]
[-0.0944952, 0.447885, 1.1178]
[-0.0944952, 0.447885, 1.1178]
[-0, -0, 0]
[-0, -0, 0]
[-0, -0, 0]
[0, -0, 0]
[0, -0, 0]
[-0, -0, 0]
[0, -0, 0]
[0, -0, 0]
[0, -0, 0]
[0, -0, 0]
[0, -0, 0]
[-0, -0, 0]
[0, -0, 0]
[0.694079, -0.649268, 1.4784]
[-0, -0, 0]
[0, -0, 0]
[-2.25228, -3.36963, 7.8408]
[0, -0, 0]
[0, -0, 0]
[0, -0, 0]
[0, -0, 0]
[0.801796, -0.604816, 1.4492]
[0, -0, 0]
[-1.80943, -3.17399, 8.0096]
[-0.00530471, -0.500089, 1.2792]
[0, -0, 0]
[0, -0, 0]
[-1.85101, -3.24791, 8.3702]
[-1.62662, -3.24814, 8.3702]
[-1.62662, -3.24814, 8.3702]
[0, -0, 0]
[-0, -0, 0]
[0.154315, -0.506678, 1.3998]
[0.691646, -0.64264, 1.7742]
[0.242496, -0.52672, 1.4612]
[0.242496, -0.52672, 1.4612]
[0, -0, 0]
[0.255381, -0.512399, 1.4612]
[0.255381, -0.512399, 1.4612]
[0.69095, -0.522308, 1.4902]
[-3.85023, -2.43129, 6.9594]
[-2.26336, -2.73739, 7.8408]
[0, -0, 0]
[-3.61862, -2.3823, 6.9594]
[-0, -0, 0]
[-3.77546, -2.5173, 7.3738]
[-0, -0, 0]
[0.528081, -0.555343, 1.6634]
[-0, -0, 0]
[-3.42936, -2.48396, 7.5232]
[-3.27578, -2.51976, 7.6794]
[0.698432, -0.580861, 1.7742]
[0.518057, -0.545235, 1.671]
[-1.80495, -2.59311, 8.0096]
[-1.80495, -2.59311, 8.0096]
[-0, -0, 0]
[-2.20542, -2.55308, 8.0096]
[-0, -0, 0]
[-2.27797, -2.34881, 7.6794]
[-1.51384, -2.5269, 8.3702]
[-0, -0, 0]
[-0, -0, 0]
[0.164574, -0.400549, 1.3944]
[0.164574, -0.400549, 1.3944]
[0.0749046, -0.379831, 1.3298]
[-3.33687, -2.0884, 7.3738]
[-3.33687, -2.0884, 7.3738]
[0.268092, -0.412018, 1.4718]
[0.268092, -0.412018, 1.4718]
[-0, -0, 0]
[0.255694, -0.398632, 1.4612]
[0.453046, -0.432265, 1.6052]
[0.453046, -0.432265, 1.6052]
[0.36172, -0.409837, 1.5396]
[0.36172, -0.409837, 1.5396]
[0.527716, -0.44016, 1.6634]
[0.527716, -0.44016, 1.6634]
[-0, -0, 0]
[-0, -0, 0]
[-2.66023, -1.90959, 7.8408]
[0.0849364, -0.274209, 1.3256]
[0.0849364, -0.274209, 1.3256]
[0.267397, -0.295591, 1.4612]
[0.267397, -0.295591, 1.4612]
[-3.50333, -1.42161, 7.0928]
[0.554501, -0.325801, 1.671]
[0.467244, -0.305185, 1.6128]
[0.467244, -0.305185, 1.6128]
[-0.0866856, -0.224867, 1.2008]
[0.538484, -0.310942, 1.6558]
[0.538484, -0.310942, 1.6558]
[-0, -0, 0]
[-3.50817, -1.25267, 7.0928]
[-2.73492, -1.41548, 8.0096]
[-2.04622, -1.3954, 8.0096]
[-3.55598, -1.21637, 7.2306]
[-2.72653, -1.34056, 8.0096]
[-0, -0, 0]
[-0.197897, -0.173261, 1.0974]
[-0, -0, 0]
[-0.12483, -0.184698, 1.1856]
[-0.288854, -0.178238, 1.149]
[-0.323934, -0.181861, 1.1782]
[-0.175666, -0.171539, 1.1276]
[-0.151346, -0.17421, 1.1522]
[-0.0848254, -0.151247, 1.2008]
[0.54988, -0.208524, 1.6558]
[0.54988, -0.208524, 1.6558]
[0.472354, -0.200507, 1.5924]
[0.290894, -0.180312, 1.4664]
[0.290894, -0.180312, 1.4664]
[-0.205245, -0.132779, 1.1006]
[0.638939, -0.206014, 1.7172]
[0.547746, -0.194432, 1.6484]
[0.563804, -0.196804, 1.6558]
[0.563804, -0.196804, 1.6558]
[0.280091, -0.169349, 1.4664]
[0.201098, -0.161051, 1.4052]
[0.201098, -0.161051, 1.4052]
[0.0164938, -0.141601, 1.262]
[0.0164938, -0.141601, 1.262]
[0.0977879, -0.149263, 1.3256]
[0.0977879, -0.149263, 1.3256]
[-0.107161, -0.136392, 1.22]
[0, -0, 0]
[0, -0, 0]
[0, -0, 0]
[0.792632, -0.1084, 1.502]
[0.792632, -0.1084, 1.502]
[0, -0, 0]
[0.582516, -0.0960844, 1.6784]
[0, -0, 0]
[0, -0, 0]
[-0.132218, -0.0597024, 1.22]
[0.544595, -0.081545, 1.6408]
[0.566135, -0.0821398, 1.6634]
[0.566135, -0.0821398, 1.6634]
[0.291179, -0.066705, 1.4664]
[0.291179, -0.066705, 1.4664]
[0, -0, 0]
[0.108258, -0.0463328, 1.3202]
[0.108258, -0.0463328, 1.3202]
[0.201505, -0.0447671, 1.3944]
[0.120506, -0.0368394, 1.3256]
[0.120506, -0.0368394, 1.3256]
[0, -0, 0]
[0, -0, 0]
[1.85722, -0.0487508, 3.3668]
[0, -0, 0]
[0, -0, 0]
[0, -0, 0]
[0, -0, 0]
[0, -0, 0]
[0, 0, 0]
[-0, 0, 0]
[1.85871, 0.0249789, 3.428]
[0.574722, 0.0197955, 1.6558]
[0, 0, 0]
[0, 0, 0]
[0, 0, 0]
[-0.200299, 0.0340448, 1.1276]
[0.410853, 0.0492203, 1.5396]
[0.788867, 0.0510356, 1.5202]
[-0.131085, 0.0490766, 1.2126]
[0.793466, 0.0683949, 1.5332]
[0.798746, 0.0849762, 1.5462]
[0.669018, 0.137691, 1.7172]
[0.555287, 0.148102, 1.6268]
[0.382493, 0.165553, 1.5084]
[-0.0584215, 0.156406, 1.1974]
[0.201558, 0.182753, 1.374]
[0.0721474, 0.193687, 1.2706]
[0.692942, 0.256069, 1.6128]
[0.793458, 0.352385, 1.5784]
[0.169439, 0.301894, 1.3396]
[0.787051, 0.376395, 1.5848]
[-0.49754, 0.411054, 1.3794]
[0.227419, 0.412507, 1.3686]
[0.118542, 0.423109, 1.2878]
[-0.342108, 0.425142, 1.262]
[0.0474087, 0.429799, 1.2374]
[-0.191327, 0.426835, 1.1814]
[-0.189377, 0.434929, 1.1856]
[0, -0, 0]
[0, -0, 0]
[-0, -0, 0]
[-0, -0, 0]
[0, -0, 0]
[-0, -0, 0]
[0, -0, 0]
[0, -0, 0]
[0, -0, 0]
[0, -0, 0]
[-0, -0, 0]
[0, -0, 0]
[0.412655, -0.646879, 1.5924]
[0.412655, -0.646879, 1.5924]
[0, -0, 0]
[0, -0, 0]
[0.803731, -0.572922, 1.4546]
[0.803731, -0.572922, 1.4546]
[-1.90121, -3.21279, 8.1862]
[-1.90121, -3.21279, 8.1862]
[-1.90121, -3.21279, 8.1862]
[0, -0, 0]
[0, -0, 0]
[0.0594591, -0.511631, 1.3342]
[0, -0, 0]
[-2.22656, -2.79692, 7.8408]
[-0, -0, 0]
[0.349849, -0.539272, 1.5396]
[0.349849, -0.539272, 1.5396]
[-3.71735, -2.36023, 6.8314]
[0.42267, -0.546878, 1.5924]
[0.42267, -0.546878, 1.5924]
[0.333526, -0.522517, 1.5268]
[0.333526, -0.522517, 1.5268]
[0, -0, 0]
[-3.40896, -2.4938, 7.3738]
[0.509888, -0.553003, 1.6484]
[0.509888, -0.553003, 1.6484]
[0.442218, -0.532926, 1.6052]
[0.442218, -0.532926, 1.6052]
[0, -0, 0]
[-2.6817, -2.50938, 7.6794]
[0.600964, -0.562162, 1.7172]
[0.600964, -0.562162, 1.7172]
[-2.56351, -2.55039, 7.8408]
[-0, -0, 0]
[-2.63377, -2.49623, 7.8408]
[0.0833813, -0.393648, 1.3342]
[-0, -0, 0]
[0.178654, -0.391542, 1.4106]
[0.178654, -0.391542, 1.4106]
[0.342252, -0.419378, 1.5202]
[0.342252, -0.419378, 1.5202]
[-0, -0, 0]
[-0, -0, 0]
[0.453924, -0.417715, 1.6052]
[0.453924, -0.417715, 1.6052]
[0.543675, -0.423447, 1.6634]
[0.543675, -0.423447, 1.6634]
[-0.962365, -0.971526, 4.6224]
[0.00320956, -0.267468, 1.2706]
[0.00320956, -0.267468, 1.2706]
[0.0963066, -0.278458, 1.3396]
[0.0963066, -0.278458, 1.3396]
[-3.45333, -1.44853, 7.0928]
[-3.45333, -1.44853, 7.0928]
[0.37564, -0.309233, 1.5462]
[0.37564, -0.309233, 1.5462]
[0.098085, -0.266258, 1.3396]
[0.098085, -0.266258, 1.3396]
[0.448424, -0.316419, 1.5988]
[0.448424, -0.316419, 1.5988]
[0.174884, -0.273733, 1.3944]
[0.536843, -0.324061, 1.6558]
[0.281267, -0.282885, 1.4664]
[0.633025, -0.337693, 1.7408]
[0.633025, -0.337693, 1.7408]
[-0, -0, 0]
[-0, -0, 0]
[-0, -0, 0]
[-0, -0, 0]
[-0.271242, -0.177659, 1.135]
[-0.120261, -0.17984, 1.1974]
[-0.213887, -0.162617, 1.091]
[-0.189302, -0.150974, 1.1146]
[0.568206, -0.211583, 1.671]
[0.277253, -0.181037, 1.4612]
[0.185501, -0.169906, 1.389]
[0.108283, -0.161626, 1.3298]
[0.108283, -0.161626, 1.3298]
[0.464405, -0.187058, 1.6052]
[0.464405, -0.187058, 1.6052]
[0.48076, -0.187727, 1.6128]
[0.386912, -0.177835, 1.5396]
[0.386912, -0.177835, 1.5396]
[0, -0, 0]
[-0.20153, -0.0880211, 1.1082]
[0.782952, -0.115754, 1.502]
[0, -0, 0]
[0, -0, 0]
[-0, -0, 0]
[-0.0921013, -0.0734808, 1.2126]
[0.65942, -0.105839, 1.7408]
[0.399652, -0.0792559, 1.5462]
[0.399652, -0.0792559, 1.5462]
[0, -0, 0]
[0.585063, -0.082896, 1.6784]
[0.585063, -0.082896, 1.6784]
[0, -0, 0]
[0, -0, 0]
[0.491034, -0.0740585, 1.6052]
[0.211129, -0.0582221, 1.3944]
[0.211129, -0.0582221, 1.3944]
[0.383354, -0.0621405, 1.5332]
[0.383354, -0.0621405, 1.5332]
[0.306536, -0.0551419, 1.4718]
[0.306536, -0.0551419, 1.4718]
[0.214395, -0.0457506, 1.4052]
[0.214395, -0.0457506, 1.4052]
[0.0289175, -0.0381018, 1.2534]
[0.0289175, -0.0381018, 1.2534]
[0, -0, 0]
[0, -0, 0]
[0, -0, 0]
[1.9052, -0.0864947, 3.428]
[0.793034, -0.0296385, 1.5138]
[1.9171, -0.0567584, 3.428]
[0.783509, 0.00853063, 1.5268]
[0.598748, 0.0173627, 1.686]
[0.598748, 0.0173627, 1.686]
[-0, 0, 0]
[-0, 0, 0]
[0.736481, 0.0229431, 1.5268]
[0.593415, 0.0314407, 1.6634]
[0.593415, 0.0314407, 1.6634]
[0, 0, 0]
[0.319229, 0.0457266, 1.4784]
[0.319229, 0.0457266, 1.4784]
[0.210279, 0.0558948, 1.389]
[0.210279, 0.0558948, 1.389]
[0.3026, 0.0601574, 1.4546]
[0.3026, 0.0601574, 1.4546]
[0.132605, 0.0629717, 1.3202]
[0.132605, 0.0629717, 1.3202]
[0.226793, 0.0678874, 1.3998]
[0.226793, 0.0678874, 1.3998]
[0.12041, 0.0768678, 1.3116]
[0.12041, 0.0768678, 1.3116]
[0.610033, 0.130764, 1.6784]
[0.610033, 0.130764, 1.6784]
[0.515079, 0.140912, 1.6052]
[0.515079, 0.140912, 1.6052]
[0.423996, 0.149606, 1.5396]
[0.423996, 0.149606, 1.5396]
[0.31574, 0.160498, 1.4612]
[0.31574, 0.160498, 1.4612]
[0.226406, 0.183236, 1.3944]
[0.146371, 0.178272, 1.3342]
[0.146371, 0.178272, 1.3342]
[0.132967, 0.177493, 1.3202]
[0.14836, 0.189346, 1.3298]
[0.14836, 0.189346, 1.3298]
[0.688291, 0.236124, 1.5988]
[-0.788725, 0.384503, 1.5988]
[0.748029, 0.377825, 1.572]
[-0.707098, 0.393119, 1.5396]
[-0.624853, 0.389445, 1.4784]
[-0.467413, 0.415424, 1.3588]
[-0.360148, 0.423744, 1.275]
[-0.0148642, 0.406876, 1.1888]
[-0.142059, 0.425168, 1.2374]
[-0.0312842, 0.427781, 1.2008]
[-0.263016, 0.434274, 1.205]
[-0, -0, 0]
[-0, -0, 0]
[0, -0, 0]
[0, -0, 0]
[0, -0, 0]
[0, -0, 0]
[-0, -0, 0]
[0, -0, 0]
[0, -0, 0]
[0, -0, 0]
[0, -0, 0]
[0.518046, -0.649068, 1.6558]
[0.518046, -0.649068, 1.6558]
[-2.29525, -3.00853, 7.8408]
[0.0729743, -0.516114, 1.3438]
[0, -0, 0]
[-2.46184, -2.976, 7.8408]
[-2.46184, -2.976, 7.8408]
[0, -0, 0]
[0, -0, 0]
[0.0740435, -0.495178, 1.3342]
[0.0740435, -0.495178, 1.3342]
[0, -0, 0]
[0.167542, -0.505122, 1.4052]
[0.167542, -0.505122, 1.4052]
[0.326491, -0.539934, 1.5202]
[0.326491, -0.539934, 1.5202]
[0.352847, -0.542983, 1.5462]
[0, -0, 0]
[0, -0, 0]
[0.420775, -0.548918, 1.5924]
[0.420775, -0.548918, 1.5924]
[-3.40288, -2.49763, 7.3738]
[0.443411, -0.531647, 1.6052]
[0.443411, -0.531647, 1.6052]
[0.599783, -0.563486, 1.7172]
[0.599783, -0.563486, 1.7172]
[0.537942, -0.542393, 1.6784]
[0.537942, -0.542393, 1.6784]
[-2.88784, -2.46692, 7.6794]
[-1.9666, -2.53823, 8.0096]
[-1.81474, -2.61991, 8.3702]
[-2.03771, -2.47004, 8.0096]
[-2.30612, -2.35474, 7.6794]
[-0, -0, 0]
[-0.00706584, -0.372807, 1.275]
[-0.00706584, -0.372807, 1.275]
[0.179498, -0.406425, 1.4106]
[0.179498, -0.406425, 1.4106]
[0.090194, -0.378799, 1.3438]
[0.090194, -0.378799, 1.3438]
[0.161955, -0.387018, 1.3944]
[0.161955, -0.387018, 1.3944]
[0.432662, -0.43281, 1.5924]
[0.432662, -0.43281, 1.5924]
[0.27213, -0.397567, 1.4718]
[0.27213, -0.397567, 1.4718]
[-0.893747, -0.963111, 4.6224]
[0.0978909, -0.279937, 1.3396]
[0.0978909, -0.279937, 1.3396]
[0.172628, -0.287771, 1.3944]
[0.355385, -0.308845, 1.5332]
[0.355385, -0.308845, 1.5332]
[0.376845, -0.310698, 1.5462]
[0.376845, -0.310698, 1.5462]
[0.0810102, -0.260137, 1.3256]
[0.173437, -0.271972, 1.3944]
[0.173437, -0.271972, 1.3944]
[0.1933, -0.275329, 1.416]
[0.382127, -0.291857, 1.5526]
[0.382127, -0.291857, 1.5526]
[-3.55638, -1.34798, 7.2306]
[0.559424, -0.309685, 1.671]
[0.559424, -0.309685, 1.671]
[-2.84562, -1.21226, 7.3738]
[-0.202731, -0.149418, 1.091]
[-0.114012, -0.164018, 1.205]
[0.365455, -0.192309, 1.5268]
[0.365455, -0.192309, 1.5268]
[0.208471, -0.1807, 1.416]
[0.208471, -0.1807, 1.416]
[0.0923641, -0.162576, 1.3202]
[0.0923641, -0.162576, 1.3202]
[0.109582, -0.163114, 1.3298]
[0.109582, -0.163114, 1.3298]
[0.636993, -0.202645, 1.7172]
[0.636993, -0.202645, 1.7172]
[0.297441, -0.168075, 1.4784]
[0.369247, -0.174999, 1.5332]
[0.186291, -0.155981, 1.3944]
[0.186291, -0.155981, 1.3944]
[0.734055, -0.163676, 1.4956]
[-0.201521, -0.0894687, 1.1082]
[-0.201521, -0.0894687, 1.1082]
[-0.201521, -0.0894687, 1.1082]
[0.558106, -0.0978709, 1.6558]
[0.558106, -0.0978709, 1.6558]
[0.466458, -0.0891722, 1.5924]
[0.466458, -0.0891722, 1.5924]
[0.377066, -0.0814683, 1.5332]
[0.377066, -0.0814683, 1.5332]
[0.306276, -0.0705927, 1.4718]
[0.306276, -0.0705927, 1.4718]
[0.49274, -0.0724864, 1.6052]
[0.49274, -0.0724864, 1.6052]
[0.196626, -0.0587423, 1.3944]
[0.196626, -0.0587423, 1.3944]
[0.404942, -0.0634681, 1.5526]
[0.382231, -0.0606965, 1.5332]
[0.382231, -0.0606965, 1.5332]
[0.216094, -0.0443431, 1.4052]
[0.216094, -0.0443431, 1.4052]
[0.107414, -0.0337661, 1.3158]
[0.107414, -0.0337661, 1.3158]
[0.782581, 0.0104374, 1.5268]
[0, 0, 0]
[0, 0, 0]
[0.390403, 0.0356766, 1.5268]
[0.480327, 0.0445717, 1.5848]
[0, 0, 0]
[0.297336, 0.0442013, 1.4546]
[0.414232, 0.0513089, 1.5396]
[0.414232, 0.0513089, 1.5396]
[0.22852, 0.0522776, 1.4106]
[0.324209, 0.0614659, 1.4784]
[0.324209, 0.0614659, 1.4784]
[0.301234, 0.0618375, 1.4546]
[0.301234, 0.0618375, 1.4546]
[-0, 0, 0]
[-0, 0, 0]
[0.117295, 0.0628932, 1.3116]
[0.117295, 0.0628932, 1.3116]
[0.22937, 0.0692142, 1.4106]
[0.13576, 0.0776294, 1.3256]
[0.13576, 0.0776294, 1.3256]
[0.0438969, 0.0848985, 1.2492]
[0.0438969, 0.0848985, 1.2492]
[0.620241, 0.130446, 1.701]
[0.620241, 0.130446, 1.701]
[0.517335, 0.138513, 1.6052]
[0.517335, 0.138513, 1.6052]
[0.615956, 0.150039, 1.686]
[0.591653, 0.152105, 1.671]
[0.591653, 0.152105, 1.671]
[0.425312, 0.148023, 1.5396]
[0.425312, 0.148023, 1.5396]
[0.520648, 0.156218, 1.6052]
[0.404164, 0.167703, 1.5202]
[0.404164, 0.167703, 1.5202]
[0.338873, 0.177039, 1.4784]
[0.338873, 0.177039, 1.4784]
[0.24058, 0.166836, 1.4052]
[0.24058, 0.166836, 1.4052]
[0.0557309, 0.184408, 1.2578]
[0.0557309, 0.184408, 1.2578]
[0.723539, 0.344813, 1.7248]
[-0.818526, 0.383272, 1.6204]
[-0.585948, 0.406126, 1.4492]
[-0.0141986, 0.406251, 1.1888]
[-0.0105828, 0.423727, 1.1888]
[-0.0105828, 0.423727, 1.1888]
[-0.21463, 0.437577, 1.1782]
[0.33747, 0.453985, 1.1006]
[0, -0, 0]
[-0, -0, 0]
[0, -0, 0]
[0, -0, 0]
[0, -0, 0]
[-2.33398, -3.31609, 8.0096]
[0.340924, -0.63371, 1.5332]
[0.14708, -0.522024, 1.3944]
[0.14708, -0.522024, 1.3944]
[0.169129, -0.527021, 1.416]
[0.169129, -0.527021, 1.416]
[0, -0, 0]
[-3.7659, -2.41108, 6.9594]
[0.354497, -0.520962, 1.5396]
[0.505586, -0.557311, 1.6484]
[0.505586, -0.557311, 1.6484]
[0.414449, -0.523063, 1.5848]
[-2.90855, -2.37394, 7.3738]
[0.0679669, -0.394478, 1.3256]
[0.0679669, -0.394478, 1.3256]
[0.372154, -0.436341, 1.559]
[0.181058, -0.389096, 1.4106]
[0.181058, -0.389096, 1.4106]
[0.550583, -0.447695, 1.6784]
[0.550583, -0.447695, 1.6784]
[0.341184, -0.402987, 1.5268]
[0.341184, -0.402987, 1.5268]
[-2.10645, -1.47436, 8.0096]
[-2.10645, -1.47436, 8.0096]
[-0.648982, -0.299694, 1.912]
[0.452874, -0.204839, 1.5924]
[-0.105563, -0.154548, 1.22]
[0.113124, -0.146932, 1.3342]
[0.113124, -0.146932, 1.3342]
[0.49483, -0.0928622, 1.6128]
[0.49483, -0.0928622, 1.6128]
[0.286003, -0.0490422, 1.4546]
[0.0310135, -0.0403898, 1.2578]
[0.0310135, -0.0403898, 1.2578]
[0.507763, 0.0215364, 1.6128]
[0.507763, 0.0215364, 1.6128]
[0.478683, 0.0242369, 1.5924]
[0.478683, 0.0242369, 1.5924]
[0.667392, 0.0281691, 1.7334]
[0.205886, 0.0755828, 1.3848]
[0.205886, 0.0755828, 1.3848]
[0.67725, 0.119788, 1.7334]
[0.216887, 0.164364, 1.389]
[0.216887, 0.164364, 1.389]
[0.604161, 0.248174, 1.6784]
[0.74538, 0.263931, 1.5654]
[0.350614, 0.272897, 1.4838]
[0.350614, 0.272897, 1.4838]
[0.741494, 0.326639, 1.5654]
[-0.648752, 0.398856, 1.4902]
[-0.199398, 0.421292, 1.1674]
[-0.121295, 0.437216, 1.2126]
[-0, -0, 0]
[-0, -0, 0]
[0, -0, 0]
[0, -0, 0]
[0.266608, -0.537627, 1.4784]
[-2.71653, -2.54049, 7.6794]
[0.63567, -0.349702, 1.7656]
[0.63567, -0.349702, 1.7656]
[-0.898574, -0.832848, 4.6806]
[-1.2996, -1.50186, 8.5638]
[-2.78515, -1.16374, 6.9594]
[-3.45062, -1.13716, 7.0928]
[-0.211655, 0.0265919, 1.1178]
[0.872053, 0.365746, 1.7172]
[0.664105, 0.372003, 1.686]
[-0.213181, 0.355307, 1.163]
[-0.145991, 0.449254, 1.1178]
[0, -0, 0]
[0.409574, -0.555287, 1.5848]
[0.409574, -0.555287, 1.5848]
[0.455181, -0.52438, 1.6128]
[0.455181, -0.52438, 1.6128]
[-0, -0, 0]
[0.241772, -0.420198, 1.4546]
[0.241772, -0.420198, 1.4546]
[0.188371, -0.382056, 1.4106]
[0.188371, -0.382056, 1.4106]
[0.282807, -0.39007, 1.4784]
[0.282807, -0.39007, 1.4784]
[0.292607, -0.27697, 1.4784]
[0.292607, -0.27697, 1.4784]
[0.568, -0.300973, 1.671]
[0.568, -0.300973, 1.671]
[-1.4733, -1.41727, 8.5638]
[-0.197693, -0.158977, 1.1006]
[-0.120566, -0.169517, 1.1888]
[0.263824, -0.190621, 1.4546]
[0.263824, -0.190621, 1.4546]
[-0.198104, -0.0994706, 1.1146]
[0.317793, -0.0810787, 1.4838]
[0.317793, -0.0810787, 1.4838]
[0.18685, -0.0648833, 1.3848]
[0.18685, -0.0648833, 1.3848]
[0.278767, -0.0415763, 1.4492]
[0.278767, -0.0415763, 1.4492]
[0.227504, -0.0359479, 1.416]
[0.227504, -0.0359479, 1.416]
[0.131261, -0.0287389, 1.3342]
[0.131261, -0.0287389, 1.3342]
[0.378824, 0.0290813, 1.5138]
[0.378824, 0.0290813, 1.5138]
[0.300803, 0.150324, 1.4492]
[0.300803, 0.150324, 1.4492]
[0.0613572, 0.177838, 1.262]
[0.0613572, 0.177838, 1.262]
[0.721574, 0.339621, 1.7334]
[0.169963, 0.282041, 1.3438]
[0.169963, 0.282041, 1.3438]
[0.696261, 0.370334, 1.6936]
[-0, -0, 0]
[0.639399, -0.764525, 1.7494]
[0.639399, -0.764525, 1.7494]
[-0, -0, 0]
[-3.49398, -2.47197, 7.0928]
[1.28087, -0.931349, 2.8718]
[-1.90739, -2.49967, 8.1862]
[-2.43947, -2.30498, 8.0096]
[0.0140225, -0.280217, 1.275]
[0.0140225, -0.280217, 1.275]
[0.0748558, -0.175509, 1.3062]
[0, -0, 0]
[0.76914, -0.100614, 1.502]
[0.0376943, -0.0483601, 1.262]
[0.0376943, -0.0483601, 1.262]
[0, 0, 0]
[0.105223, 0.0541026, 1.3062]
[0.105223, 0.0541026, 1.3062]
[0.118357, 0.207949, 1.3018]
[0.118357, 0.207949, 1.3018]
[0, -0, 0]
[0.469965, -0.511265, 1.6204]
[-0.132061, -0.0226565, 1.2008]
[0.29719, -0.565806, 1.5084]
[0, -0, 0]
[0, -0, 0]
[0.473519, -0.588966, 1.6344]
[-2.62456, -2.64353, 7.6794]
[-2.62456, -2.64353, 7.6794]
[-3.25779, -2.34271, 7.5232]
[0, -0, 0]
[0, -0, 0]
[-2.12457, -1.71871, 7.8408]
[0.404032, -0.349311, 1.5654]
[0.404032, -0.349311, 1.5654]
[-0.107409, -0.1327, 1.233]
[-0.099468, -0.056797, 1.2492]
[0.441221, -0.0171872, 1.572]
[0.441221, -0.0171872, 1.572]
[0.702958, 0.0372654, 1.5526]
[0.643261, 0.0801993, 1.7096]
[0.643261, 0.0801993, 1.7096]
[0.465597, 0.1938, 1.5654]
[0.465597, 0.1938, 1.5654]
[0.568926, 0.21488, 1.6558]
[0.568926, 0.21488, 1.6558]
[-0, -0, 0]
[-3.50692, -2.97235, 6.9594]
[-3.31858, -3.15448, 7.5232]
[0.20059, -0.596571, 1.4546]
[0.20059, -0.596571, 1.4546]
[0.107279, -0.55473, 1.3686]
[0.381552, -0.610766, 1.5784]
[0.381552, -0.610766, 1.5784]
[0, -0, 0]
[0.122534, -0.432469, 1.3642]
[0.122534, -0.432469, 1.3642]
[0.212005, -0.453313, 1.4374]
[0.299772, -0.466995, 1.4956]
[0.218875, -0.350257, 1.432]
[0.310684, -0.353181, 1.4956]
[0.310684, -0.353181, 1.4956]
[-2.52172, -1.40314, 8.0096]
[0.234004, -0.22922, 1.4374]
[0.234004, -0.22922, 1.4374]
[0.327495, -0.236652, 1.502]
[-0.798834, -0.195506, 1.5396]
[0.338688, -0.121975, 1.5084]
[0.428977, -0.130678, 1.572]
[0.153373, -0.100037, 1.3642]
[0.153373, -0.100037, 1.3642]
[0.350386, -0.00667003, 1.5084]
[0.350386, -0.00667003, 1.5084]
[0.256987, 0.00248639, 1.432]
[0.256987, 0.00248639, 1.432]
[1.66551, 0.162037, 3.0612]
[1.66551, 0.162037, 3.0612]
[0.362805, 0.107224, 1.502]
[0.362805, 0.107224, 1.502]
[0.269946, 0.117272, 1.432]
[0.269946, 0.117272, 1.432]
[0.282544, 0.214765, 1.432]
[0.282544, 0.214765, 1.432]
[0.376211, 0.230708, 1.4956]
[0.376211, 0.230708, 1.4956]
[-0.167345, 0.369743, 1.2008]
[0.00818391, -0.560921, 1.3018]
[0.00818391, -0.560921, 1.3018]
[0.484714, -0.694554, 1.6408]
[0.484714, -0.694554, 1.6408]
[0.484714, -0.694554, 1.6408]
[0.611036, -0.728193, 1.7248]
[0.0249254, -0.439015, 1.3018]
[0.0249254, -0.439015, 1.3018]
[0.0249254, -0.439015, 1.3018]
[0.786287, -0.482534, 1.4374]
[0.0342941, -0.323116, 1.2932]
[0.0342941, -0.323116, 1.2932]
[-0.0534023, -0.293912, 1.2244]
[0.0494877, -0.205993, 1.2932]
[0.669885, -0.276822, 1.7494]
[0, -0, 0]
[0.0591198, -0.0877824, 1.2878]
[0.0591198, -0.0877824, 1.2878]
[0.0591198, -0.0877824, 1.2878]
[-0.031728, -0.0696396, 1.2126]
[0.687976, -0.0412117, 1.7408]
[-0.163664, -0.0129455, 1.1556]
[0.075049, 0.0214372, 1.2878]
[0.075049, 0.0214372, 1.2878]
[0.0830252, 0.132493, 1.2792]
[0.0830252, 0.132493, 1.2792]
[-0.00834043, 0.135855, 1.22]
[0.191818, 0.244731, 1.3546]
[-0.0742721, 0.408779, 1.3256]
[-2.42512, -2.36944, 8.0096]
[0.649987, -0.523997, 1.7494]
[0.49583, 0.315376, 1.5784]
[-0.676325, 0.401971, 1.4546]
[-3.11007, -2.89222, 7.6794]
[-3.11007, -2.89222, 7.6794]
[-0.0176685, -0.19007, 1.2406]
[0.00658151, 0.0285129, 1.233]
[0.310086, 0.330863, 1.4374]
[-1.73922, -3.15928, 8.5638]
[0.0622615, 0.320679, 1.2534]
