[-0.0269952, -0.531569, 1.28257]
[0.615949, -0.79596, 1.72925]
[0.780449, -0.680999, 1.4087]
[0.589564, -0.776315, 1.72563]
[0.231171, -0.626292, 1.47752]
[0.781378, -0.674964, 1.41707]
[0.806972, -0.674964, 1.4259]
[-0.306268, -0.794456, 1.87201]
[0.787787, -0.660112, 1.41687]
[0.674703, -0.774559, 1.78411]
[0.331873, -0.633475, 1.53576]
[-0.245833, -0.769277, 1.89631]
[0.787368, -0.641358, 1.42195]
[-0.0227763, -0.493206, 1.28361]
[-0.379812, -0.496602, 1.21313]
[-0.0139772, -0.493206, 1.28442]
[-0.499759, -0.640441, 1.51618]
[0.0696086, -0.621505, 1.61026]
[-0.722896, -0.490053, 1.09695]
[0.405941, -0.645412, 1.58508]
[0.78504, -0.619682, 1.42731]
[-0.0545149, -0.619623, 1.62029]
[0.0583678, -0.498161, 1.33566]
[0.79079, -0.609034, 1.42697]
[0.0708648, -0.506279, 1.34932]
[0.786965, -0.607456, 1.427]
[0.0607205, -0.490151, 1.33584]
[0.510997, -0.652011, 1.65867]
[0.551923, -0.66659, 1.68683]
[0.149718, -0.504897, 1.40359]
[0.164165, -0.511644, 1.4131]
[0.584978, -0.660568, 1.71207]
[0.788548, -0.577822, 1.43139]
[0.180035, -0.512014, 1.41587]
[0.103912, -0.571886, 1.58875]
[0.762022, -0.5724, 1.42962]
[0.68948, -0.675393, 1.78442]
[-0.0302677, -0.563325, 1.60877]
[0.241554, -0.51704, 1.46066]
[0.788697, -0.552703, 1.43123]
[-0.615421, -0.503988, 1.34364]
[0.255772, -0.507644, 1.4692]
[0.733238, -0.545937, 1.43776]
[0.518422, -0.588286, 1.65319]
[0.331163, -0.526573, 1.52215]
[0.715139, -0.644795, 1.7736]
[0.333468, -0.514653, 1.52859]
[0.416516, -0.529881, 1.5741]
[-0.0866223, -0.590959, 1.78826]
[-0.380542, -0.615933, 1.86911]
[0.333083, -0.502732, 1.51938]
[0.418307, -0.520514, 1.57357]
[1.16041, -0.969377, 2.83041]
[0.527044, -0.547006, 1.66113]
[-0.0594402, -0.534656, 1.67726]
[0.548666, -0.551294, 1.67913]
[-0.351817, -0.536254, 1.6803]
[0.593317, -0.55746, 1.70079]
[-0.00570623, -0.372171, 1.28263]
[-0.690029, -0.364839, 1.10146]
[0.0750002, -0.389472, 1.33754]
[-0.555668, -0.380597, 1.21326]
[-0.673531, -0.366308, 1.12838]
[0.113026, -0.38491, 1.3619]
[0.118245, -0.386117, 1.36494]
[-0.687896, -0.369096, 1.14831]
[0.0876052, -0.376802, 1.34214]
[-0.481126, -0.471454, 1.56939]
[-0.654011, -0.386742, 1.23179]
[-0.589165, -0.388403, 1.26532]
[-0.582488, -0.38995, 1.28262]
[0.489027, -1.05301, 3.84001]
[0.223898, -1.05614, 3.95208]
[-0.535208, -0.379292, 1.29388]
[-0.530365, -0.3834, 1.31049]
[-0.463568, -0.385119, 1.34516]
[-0.48635, -0.398827, 1.38967]
[-0.369594, -0.388002, 1.37377]
[-0.534875, -0.400296, 1.3754]
[0.732418, -1.04563, 3.93713]
[-0.407495, -0.401027, 1.43918]
[-0.427315, -0.390383, 1.40486]
[-0.0921417, -0.397863, 1.47004]
[-0.495244, -0.396789, 1.46295]
[-0.324452, -0.419423, 1.59985]
[1.01965, -1.09121, 4.71153]
[1.01965, -1.09121, 4.71153]
[-0.409496, -0.419852, 1.59357]
[-0.236538, -0.410784, 1.58861]
[0.419386, -0.979115, 4.00922]
[-0.515689, -0.403389, 1.53759]
[-0.0776755, -0.419852, 1.65173]
[1.08134, -1.04299, 4.60779]
[1.08862, -1.03501, 4.63282]
[-0.339001, -0.417599, 1.6834]
[-0.186254, -0.419032, 1.69693]
[-0.513795, -0.368631, 1.46897]
[0.00577226, -0.436974, 1.80112]
[-0.147304, -0.404415, 1.71184]
[-0.14421, -0.371876, 1.6249]
[0.825944, -0.913206, 4.01678]
[1.07766, -0.909344, 4.67773]
[-0.544439, -0.255793, 1.14171]
[0.15289, -0.339774, 1.63415]
[1.04661, -0.877069, 4.66889]
[-0.443054, -0.265001, 1.23725]
[-0.48811, -0.267841, 1.23819]
[-0.380071, -0.275631, 1.32923]
[-0.622001, -0.256612, 1.17627]
[-0.331746, -0.260239, 1.28259]
[-0.435824, -0.264999, 1.31522]
[-0.372212, -0.2716, 1.35149]
[-0.548013, -0.281648, 1.3758]
[-0.255579, -0.298335, 1.53022]
[-0.513013, -0.298613, 1.50924]
[-0.235652, -0.278823, 1.44837]
[0.154659, -0.285748, 1.50941]
[-0.318927, -0.301014, 1.57116]
[0.130791, -0.319415, 1.62825]
[-0.255934, -0.283874, 1.48463]
[-0.116413, -0.322016, 1.71628]
[-0.0952348, -0.327474, 1.78852]
[-0.0327467, -0.300215, 1.63914]
[-0.184624, -0.304588, 1.68093]
[-0.73918, -0.163321, 0.889028]
[-0.626109, -0.176332, 1.02334]
[-0.714758, -0.16662, 0.982341]
[-0.756321, -0.166002, 0.961744]
[0.12757, -0.585776, 4.14646]
[-0.689361, -0.162536, 1.01393]
[-0.635302, -0.149912, 1.07291]
[-0.616418, -0.143067, 1.0789]
[-0.343045, -0.201443, 1.66485]
[0.044482, -0.209024, 1.7258]
[-0.412484, -0.126266, 1.06805]
[-0.811063, -0.116123, 0.822284]
[-0.656857, -0.148184, 1.15715]
[-0.610363, -0.157443, 1.25441]
[0.277569, -0.178653, 1.46167]
[-0.328209, -0.1743, 1.42571]
[0.0624254, -0.181417, 1.48047]
[-0.271417, -0.179273, 1.4812]
[0.0872747, -0.188239, 1.53838]
[0.13203, -0.190611, 1.56062]
[-0.213209, -0.194314, 1.6213]
[-0.193875, -0.206257, 1.79854]
[-0.299707, -0.161341, 1.39369]
[-0.571513, -0.162402, 1.36156]
[-0.214197, -0.166568, 1.45842]
[-0.2202, -0.177175, 1.52395]
[-0.148015, -0.178642, 1.55041]
[0.0966439, -0.151278, 1.32111]
[0.101727, -0.152378, 1.32966]
[-0.035938, -0.167016, 1.64796]
[-0.791226, -0.105801, 0.882836]
[-0.791226, -0.105801, 0.882836]
[-0.746394, -0.109487, 0.916082]
[-0.746394, -0.109487, 0.916082]
[0.410337, -0.289653, 3.20698]
[-0.0398793, -0.273565, 3.09517]
[0.371117, -0.327348, 3.98887]
[0.752386, -0.255867, 3.05623]
[0.200352, -0.248857, 3.15775]
[0.00465601, -0.243029, 3.15818]
[0.0158681, -0.243029, 3.16138]
[0.0685084, -0.255118, 3.25581]
[-0.0896984, -0.253354, 3.25769]
[0.436715, -0.290475, 3.76914]
[0.182364, -0.12599, 1.66376]
[0.166519, -0.127084, 1.67949]
[0.997156, -0.290732, 4.00035]
[-0.692905, -0.0849372, 1.03859]
[0.0747374, -0.118267, 1.67782]
[0.425773, -0.260732, 3.85224]
[-0.684946, -0.0770462, 0.986368]
[-0.752725, -0.0685514, 0.891008]
[-0.775111, -0.0687583, 0.889603]
[-0.767609, -0.0668825, 0.867888]
[-0.3886, -0.073949, 1.08105]
[-0.704393, -0.0684091, 0.913198]
[0.427697, -0.247102, 4.12603]
[0.442452, -0.247102, 4.12931]
[0.381665, -0.207523, 3.49306]
[-0.180383, -0.10261, 1.80154]
[-0.182754, -0.095013, 1.71597]
[-0.0844621, -0.100649, 1.77306]
[1.14097, -0.231404, 4.82614]
[0.0109054, -0.0969668, 1.71794]
[0.323633, -0.198791, 3.881]
[0.396507, -0.167959, 3.46682]
[-0.147404, -0.0830416, 1.61238]
[0.149569, -0.0839073, 1.71481]
[-0.784314, -0.051485, 0.953016]
[-0.0293282, -0.0762713, 1.54122]
[-0.226177, -0.0739104, 1.53581]
[0.195896, -0.0777884, 1.64276]
[-0.0682228, -0.126468, 3.13742]
[0.275185, -0.157298, 3.92778]
[-0.684389, -0.0483065, 1.02286]
[-0.00950394, -0.0689609, 1.44964]
[-0.239947, -0.0646668, 1.52668]
[-0.0425297, -0.0679257, 1.56016]
[-0.323057, -0.065493, 1.61648]
[-0.0306194, -0.114812, 3.14014]
[-0.772007, -0.0384983, 0.900409]
[-0.772642, -0.0387352, 0.907078]
[0.208178, -0.0583026, 1.40003]
[0.232229, -0.0591939, 1.42211]
[0.195567, -0.0551868, 1.376]
[-0.133246, -0.118639, 4.05533]
[-0.311062, -0.0443757, 1.27148]
[-0.329686, -0.0450348, 1.28561]
[0.0875166, -0.103526, 4.08278]
[0.143317, -0.0399965, 1.68933]
[0.218568, -0.0848104, 3.91519]
[-0.123908, -0.0344893, 1.3135]
[0.167921, -0.0775616, 3.91041]
[0.0438729, -0.0703129, 3.89505]
[0.202227, -0.0409065, 3.87304]
[1.20474, -0.048182, 4.8732]
[-0.0937016, -0.0148704, 1.67429]
[-0.0674989, -0.0195116, 1.31095]
[0.0801294, -0.00535386, 1.68046]
[-0.0971425, -0.00222468, 1.68104]
[0.171371, 0.0173802, 4.09096]
[-0.269374, 0.018136, 1.76811]
[-0.122278, 0.0169213, 1.68246]
[0.190259, 0.0601646, 3.90889]
[-0.349493, 0.0272355, 1.67087]
[-0.205804, 0.0274776, 1.71885]
[0.0521724, 0.0262721, 1.47373]
[-0.437878, 0.0365034, 1.47823]
[-0.0396467, 0.0349801, 1.62135]
[0.0287314, 0.042657, 1.7159]
[-0.462807, 0.0399613, 1.49623]
[-0.733108, 0.0349715, 0.9632]
[-0.327508, 0.0279902, 1.18746]
[-0.272604, 0.0460467, 1.43822]
[0.1582, 0.12385, 3.66489]
[-0.726835, 0.0396067, 0.974919]
[-0.338268, 0.0513243, 1.41384]
[-0.68161, 0.0369045, 0.984619]
[-0.106861, 0.0564659, 1.44119]
[-0.532781, 0.0629964, 1.37821]
[-0.784777, 0.0464837, 0.861359]
[0.237252, 0.0859767, 1.69374]
[0.134025, 0.187647, 1.31598]
[-0.492653, 0.0737618, 1.22372]
[-0.768931, 0.0678362, 0.923651]
[-0.673279, 0.0667693, 0.986472]
[-0.422917, 0.0784723, 1.23768]
[0.236347, 0.180819, 1.40028]
[-0.153398, 0.118503, 1.80754]
[-0.017003, 0.0914447, 1.39092]
[-0.165217, 0.125677, 1.70413]
[-0.301915, 0.12831, 1.67536]
[-0.0828355, 0.133415, 1.73184]
[-0.132092, 0.136124, 1.7156]
[-0.613206, 0.0967102, 1.09396]
[-0.120263, 0.135202, 1.62375]
[-0.209382, 0.136998, 1.63229]
[-0.0750247, 0.236856, 2.85749]
[-0.621042, 0.109959, 1.16735]
[-0.595956, 0.115315, 1.18202]
[-0.380206, 0.148382, 1.58487]
[-0.259329, 0.155856, 1.52387]
[-0.176373, 0.158181, 1.53181]
[0.0737556, 0.158181, 1.54901]
[0.153191, 0.178928, 1.70221]
[0.0576388, 0.155647, 1.46834]
[-0.287894, 0.15692, 1.44057]
[-0.258804, 0.187048, 1.28181]
[-0.406978, 0.170907, 1.32579]
[-0.533705, 0.171426, 1.29387]
[-0.190749, 0.176223, 1.36517]
[-0.49176, 0.18276, 1.28932]
[0.331103, 0.239315, 1.7166]
[-0.286706, 0.249285, 1.70381]
[-0.547329, 0.190808, 1.2152]
[-0.258804, 0.187048, 1.28181]
[0.0108248, 0.260753, 1.70176]
[0.326294, 0.26039, 1.69771]
[-0.523399, 0.195466, 1.1403]
[0.127505, 0.294292, 1.33387]
[-0.238827, 0.301348, 1.70027]
[-0.0297448, 0.337697, 1.84825]
[-0.221353, 0.348217, 1.826]
[-0.218708, 0.355312, 1.75451]
[-0.15607, 0.356931, 1.75511]
[-0.229734, 0.358518, 1.73415]
[-0.137398, 0.36991, 1.71741]
[-0.196728, 0.363386, 1.66575]
[-0.207488, 0.366437, 1.64779]
[-0.355951, 0.374249, 1.59133]
[-0.355951, 0.374249, 1.59133]
[-0.268458, 0.384099, 1.54838]
[-0.268458, 0.384099, 1.54838]
[-0.268458, 0.384099, 1.54838]
[-0.338294, 0.3986, 1.40704]
[-0.599245, 0.428534, 1.1457]
[-0.599245, 0.428534, 1.1457]
[-0.599245, 0.428534, 1.1457]
[-0.338294, 0.3986, 1.40704]
[-0.338294, 0.3986, 1.40704]
[-0.599245, 0.428534, 1.1457]
[-0.599245, 0.428534, 1.1457]
[-0.599245, 0.428534, 1.1457]
[-0.599245, 0.428534, 1.1457]
[-0.599245, 0.428534, 1.1457]
[-0.338294, 0.3986, 1.40704]
[-0.599245, 0.428534, 1.1457]
[-0.599245, 0.428534, 1.1457]
[-0.338294, 0.3986, 1.40704]
[-0.338294, 0.3986, 1.40704]
[-0.599245, 0.428534, 1.1457]
[-0.793035, 0.360009, 0.960721]
[-0.794762, 0.361264, 0.950039]
[-0.395418, 0.407857, 1.26323]
[-0.599245, 0.428534, 1.1457]
[-0.599245, 0.428534, 1.1457]
[-0.599245, 0.428534, 1.1457]
[-0.599245, 0.428534, 1.1457]
[-0.599245, 0.428534, 1.1457]
[-0.395418, 0.407857, 1.26323]
[-0.599245, 0.428534, 1.1457]
[-0.338294, 0.3986, 1.40704]
[-0.338294, 0.3986, 1.40704]
[-0.242142, 0.40764, 1.33297]
[-0.338294, 0.3986, 1.40704]
[-0.242142, 0.40764, 1.33297]
[-0.48791, 0.436502, 1.10395]
[-0.636156, 0.444516, 1.01254]
[-0.522644, 0.442259, 1.0825]
